43000,'Weekday-10',631,,7774,2,,,1,70,,7775,2,,,1,30,,7776,2,,,1,70,,7777,2,,,1,30,,7778,2,,,1,70,,7779,2,,,1,30,,7780,2,,,1,70,,7781,2,,,1,30,,7782,2,,,1,70,,7783,2,,,1,30,,7784,2,,,1,70,,7785,2,,,1,30,,7760,2,,,1,70,,7761,2,,,1,30,,7762,2,,,1,70,,7763,2,,,1,30,,7764,2,,,1,70,,7765,2,,,1,30,,7766,2,,,1,70,,7767,2,,,1,30,,7768,2,,,1,70,,7769,2,,,1,30,,7770,2,,,1,70,,7771,2,,,1,30,,7772,2,,,1
43000,'Weekday-14',631,,7800,2,,,1,70,,7801,2,,,1,30,,7802,2,,,1,70,,7803,2,,,1,30,,7804,2,,,1,70,,7805,2,,,1,30,,7806,2,,,1,70,,7807,2,,,1,30,,7808,2,,,1,70,,7809,2,,,1,30,,7810,2,,,1,70,,7811,2,,,1,30,,7786,2,,,1,70,,7787,2,,,1,30,,7788,2,,,1,70,,7789,2,,,1,30,,7790,2,,,1,70,,7791,2,,,1,30,,7792,2,,,1,70,,7793,2,,,1,30,,7794,2,,,1,70,,7795,2,,,1,30,,7796,2,,,1,70,,7797,2,,,1,30,,7798,2,,,1
43100,'Weekday-10',616,,7812,2,,,1,30,,7813,2,,,1,70,,7814,2,,,1,30,,7815,2,,,1,70,,7816,2,,,1,30,,7817,2,,,1,70,,7818,2,,,1,30,,7819,2,,,1,70,,7820,2,,,1,30,,7821,2,,,1,70,,7822,2,,,1,30,,7823,2,,,1,70,,7824,2,,,1,30,,7825,2,,,1,70,,7826,2,,,1,30,,7827,2,,,1,70,,7828,2,,,1,30,,7829,2,,,1,70,,7830,2,,,1,30,,7831,2,,,1,70,,7832,2,,,1,30,,7833,2,,,1,70,,7834,2,,,1,30,,7835,2,,,1,70,,7836,2,,,1,30,,7837,2,,,1
43100,'Weekday-14',616,,7839,2,,,1,30,,7840,2,,,1,70,,7841,2,,,1,30,,7842,2,,,1,70,,7843,2,,,1,30,,7844,2,,,1,70,,7845,2,,,1,30,,7846,2,,,1,70,,7847,2,,,1,30,,7848,2,,,1,70,,7849,2,,,1,30,,7850,2,,,1,70,,7851,2,,,1,30,,7852,2,,,1,70,,7853,2,,,1,30,,7854,2,,,1,70,,7855,2,,,1,30,,7856,2,,,1,70,,7857,2,,,1,30,,7858,2,,,1,70,,7859,2,,,1,30,,7860,2,,,1,70,,7861,2,,,1,30,,7862,2,,,1,70,,7863,2,,,1,30,,7864,2,,,1
43200,'Weekday-10',615,,7880,2,,,1,30,,7867,2,,,1,70,,7881,2,,,1,30,,7868,2,,,1,70,,7882,2,,,1,30,,7869,2,,,1,70,,7883,2,,,1,30,,7870,2,,,1,70,,7884,2,,,1,30,,7871,2,,,1,70,,7885,2,,,1,30,,7872,2,,,1,70,,7886,2,,,1,30,,7873,2,,,1,70,,7887,2,,,1,30,,7874,2,,,1,70,,7888,2,,,1,30,,7875,2,,,1,70,,7889,2,,,1,30,,7876,2,,,1,70,,7890,2,,,1,30,,7877,2,,,1,70,,7891,2,,,1,30,,7878,2,,,1,70,,7892,2,,,1,30,,7879,2,,,1
43200,'Weekday-14',615,,7907,2,,,1,30,,7894,2,,,1,70,,7908,2,,,1,30,,7895,2,,,1,70,,7909,2,,,1,30,,7896,2,,,1,70,,7910,2,,,1,30,,7897,2,,,1,70,,7911,2,,,1,30,,7898,2,,,1,70,,7912,2,,,1,30,,7899,2,,,1,70,,7913,2,,,1,30,,7900,2,,,1,70,,7914,2,,,1,30,,7901,2,,,1,70,,7915,2,,,1,30,,7902,2,,,1,70,,7916,2,,,1,30,,7903,2,,,1,70,,7917,2,,,1,30,,7904,2,,,1,70,,7918,2,,,1,30,,7905,2,,,1,70,,7919,2,,,1,30,,7906,2,,,1
43300,'Weekday-10',616,,7974,2,,,1,30,,7988,2,,,1,70,,7975,2,,,1,30,,7989,2,,,1,70,,7976,2,,,1,30,,7990,2,,,1,70,,7977,2,,,1,30,,7991,2,,,1,70,,7978,2,,,1,30,,7992,2,,,1,70,,7979,2,,,1,30,,7993,2,,,1,70,,7980,2,,,1,30,,7994,2,,,1,70,,7981,2,,,1,30,,7995,2,,,1,70,,7982,2,,,1,30,,7996,2,,,1,70,,7983,2,,,1,30,,7997,2,,,1,70,,7984,2,,,1,30,,7998,2,,,1,70,,7985,2,,,1,30,,7999,2,,,1,70,,7986,2,,,1,30,,7987,2,,,1
43300,'Weekday-14',616,,8001,2,,,1,30,,8015,2,,,1,70,,8002,2,,,1,30,,8016,2,,,1,70,,8003,2,,,1,30,,8017,2,,,1,70,,8004,2,,,1,30,,8018,2,,,1,70,,8005,2,,,1,30,,8019,2,,,1,70,,8006,2,,,1,30,,8020,2,,,1,70,,8007,2,,,1,30,,8021,2,,,1,70,,8008,2,,,1,30,,8022,2,,,1,70,,8009,2,,,1,30,,8023,2,,,1,70,,8010,2,,,1,30,,8024,2,,,1,70,,8011,2,,,1,30,,8025,2,,,1,70,,8012,2,,,1,30,,8026,2,,,1,70,,8013,2,,,1,30,,8014,2,,,1
45000,'Weekday-10',616,,8461,2,,,1,30,,8474,2,,,1,70,,8462,2,,,1,30,,8475,2,,,1,70,,8463,2,,,1,30,,8476,2,,,1,70,,8464,2,,,1,30,,8477,2,,,1,70,,8465,2,,,1,30,,8478,2,,,1,70,,8466,2,,,1,30,,8479,2,,,1,70,,8467,2,,,1,30,,8480,2,,,1,70,,8468,2,,,1,30,,8481,2,,,1,70,,8469,2,,,1,30,,8482,2,,,1,70,,8470,2,,,1,30,,8483,2,,,1,70,,8471,2,,,1,30,,8484,2,,,1,70,,8472,2,,,1,30,,8485,2,,,1,70,,8473,2,,,1,30,,8486,2,,,1
45000,'Weekday-14',616,,8488,2,,,1,30,,8501,2,,,1,70,,8489,2,,,1,30,,8502,2,,,1,70,,8490,2,,,1,30,,8503,2,,,1,70,,8491,2,,,1,30,,8504,2,,,1,70,,8492,2,,,1,30,,8505,2,,,1,70,,8493,2,,,1,30,,8506,2,,,1,70,,8494,2,,,1,30,,8507,2,,,1,70,,8495,2,,,1,30,,8508,2,,,1,70,,8496,2,,,1,30,,8509,2,,,1,70,,8497,2,,,1,30,,8510,2,,,1,70,,8498,2,,,1,30,,8511,2,,,1,70,,8499,2,,,1,30,,8512,2,,,1,70,,8500,2,,,1,30,,8513,2,,,1
19043000,'Weekday-10',818,,8733,2,,,1
19043000,'Weekday-14',818,,8735,2,,,1
