44201,'Weekday-10',605,,8324,7,0,14,1,30,,8303,7,0,14,1,70,,8311,7,0,14,1,30,,8304,7,0,14,1,70,,8312,7,0,14,1,30,,8305,7,0,14,1,70,,8313,7,0,14,1,30,,8306,7,0,14,1,70,,8314,7,0,14,1,30,,8307,7,0,14,1,70,,8315,7,0,14,1,30,,8308,7,0,14,1,70,,8316,7,0,14,1,30,,8309,7,0,14,1,70,,8317,7,0,14,1,30,,8301,7,0,14,1,70,,8318,7,0,14,1,30,,8302,7,0,14,1,70,,8319,7,0,14,1,30,,8310,7,0,14,1,70,,8320,7,0,14,1,30,,8298,7,0,14,1,70,,8321,7,0,14,1,30,,8299,7,0,14,1,70,,8322,7,0,14,1,30,,8300,7,0,14,1,70,,8323,7,0,14,1
44201,'Weekday-11',605,,9374,7,0,14,1,30,,9353,7,0,14,1,70,,9361,7,0,14,1,30,,9354,7,0,14,1,70,,9362,7,0,14,1,30,,9355,7,0,14,1,70,,9363,7,0,14,1,30,,9356,7,0,14,1,70,,9364,7,0,14,1,30,,9357,7,0,14,1,70,,9365,7,0,14,1,30,,9358,7,0,14,1,70,,9366,7,0,14,1,30,,9359,7,0,14,1,70,,9367,7,0,14,1,30,,9351,7,0,14,1,70,,9368,7,0,14,1,30,,9352,7,0,14,1,70,,9369,7,0,14,1,30,,9360,7,0,14,1,70,,9370,7,0,14,1,30,,9348,7,0,14,1,70,,9371,7,0,14,1,30,,9349,7,0,14,1,70,,9372,7,0,14,1,30,,9350,7,0,14,1,70,,9373,7,0,14,1
44201,'Weekday-14',605,,8351,7,0,14,1,30,,8330,7,0,14,1,70,,8338,7,0,14,1,30,,8331,7,0,14,1,70,,8339,7,0,14,1,30,,8332,7,0,14,1,70,,8340,7,0,14,1,30,,8333,7,0,14,1,70,,8341,7,0,14,1,30,,8334,7,0,14,1,70,,8342,7,0,14,1,30,,8335,7,0,14,1,70,,8343,7,0,14,1,30,,8336,7,0,14,1,70,,8344,7,0,14,1,30,,8328,7,0,14,1,70,,8345,7,0,14,1,30,,8329,7,0,14,1,70,,8346,7,0,14,1,30,,8337,7,0,14,1,70,,8347,7,0,14,1,30,,8325,7,0,14,1,70,,8348,7,0,14,1,30,,8326,7,0,14,1,70,,8349,7,0,14,1,30,,8327,7,0,14,1,70,,8350,7,0,14,1
44301,'Weekday-10',605,,8419,26,,,1,30,,8420,28,,,1,70,,8406,28,,,1,30,,8421,28,,,1,70,,8407,28,,,1,30,,8422,28,,,1,70,,8408,28,,,1,30,,8423,28,,,1,70,,8409,28,,,1,30,,8424,28,,,1,70,,8410,28,,,1,30,,8425,28,,,1,70,,8411,28,,,1,30,,8426,28,,,1,70,,8412,28,,,1,30,,8427,28,,,1,70,,8413,28,,,1,30,,8428,28,,,1,70,,8414,28,,,1,30,,8429,28,,,1,70,,8415,28,,,1,30,,8430,28,,,1,70,,8416,28,,,1,30,,8431,28,,,1,70,,8417,28,,,1,30,,8432,28,,,1,70,,8418,28,,,1
44301,'Weekday-11',605,,9415,26,,,1,30,,9416,28,,,1,70,,9402,28,,,1,30,,9417,28,,,1,70,,9403,28,,,1,30,,9418,28,,,1,70,,9404,28,,,1,30,,9419,28,,,1,70,,9405,28,,,1,30,,9420,28,,,1,70,,9406,28,,,1,30,,9421,28,,,1,70,,9407,28,,,1,30,,9422,28,,,1,70,,9408,28,,,1,30,,9423,28,,,1,70,,9409,28,,,1,30,,9424,28,,,1,70,,9410,28,,,1,30,,9425,28,,,1,70,,9411,28,,,1,30,,9426,28,,,1,70,,9412,28,,,1,30,,9427,28,,,1,70,,9413,28,,,1,30,,9428,28,,,1,70,,9414,28,,,1
44301,'Weekday-14',605,,8446,26,,,1,30,,8447,28,,,1,70,,8433,28,,,1,30,,8448,28,,,1,70,,8434,28,,,1,30,,8449,28,,,1,70,,8435,28,,,1,30,,8450,28,,,1,70,,8436,28,,,1,30,,8451,28,,,1,70,,8437,28,,,1,30,,8452,28,,,1,70,,8438,28,,,1,30,,8453,28,,,1,70,,8439,28,,,1,30,,8454,28,,,1,70,,8440,28,,,1,30,,8455,28,,,1,70,,8441,28,,,1,30,,8456,28,,,1,70,,8442,28,,,1,30,,8457,28,,,1,70,,8443,28,,,1,30,,8458,28,,,1,70,,8444,28,,,1,30,,8459,28,,,1,70,,8445,28,,,1
45001,'Weekday-10',603,,8526,7,,,1,30,,8514,7,,,1,70,,8528,7,,,1,30,,8515,7,,,1,70,,8529,7,,,1,30,,8516,7,,,1,70,,8530,7,,,1,30,,8517,7,,,1,70,,8531,7,,,1,30,,8527,7,,,1,70,,8532,7,,,1,30,,8518,7,,,1,70,,8533,7,,,1,30,,8519,7,,,1,70,,8534,7,,,1,30,,8520,7,,,1,70,,8535,7,,,1,30,,8521,7,,,1,70,,8536,7,,,1,30,,8522,7,,,1,70,,8537,7,,,1,30,,8523,7,,,1,70,,8538,7,,,1,30,,8524,7,,,1,70,,8539,7,,,1,30,,8525,7,,,1,70,,8540,7,,,1
45001,'Weekday-11',603,,9468,7,,,1,30,,9456,7,,,1,70,,9470,7,,,1,30,,9457,7,,,1,70,,9471,7,,,1,30,,9458,7,,,1,70,,9472,7,,,1,30,,9459,7,,,1,70,,9473,7,,,1,30,,9469,7,,,1,70,,9474,7,,,1,30,,9460,7,,,1,70,,9475,7,,,1,30,,9461,7,,,1,70,,9476,7,,,1,30,,9462,7,,,1,70,,9477,7,,,1,30,,9463,7,,,1,70,,9478,7,,,1,30,,9464,7,,,1,70,,9479,7,,,1,30,,9465,7,,,1,70,,9480,7,,,1,30,,9466,7,,,1,70,,9481,7,,,1,30,,9467,7,,,1,70,,9482,7,,,1
45001,'Weekday-14',603,,8553,7,,,1,30,,8541,7,,,1,70,,8555,7,,,1,30,,8542,7,,,1,70,,8556,7,,,1,30,,8543,7,,,1,70,,8557,7,,,1,30,,8544,7,,,1,70,,8558,7,,,1,30,,8554,7,,,1,70,,8559,7,,,1,30,,8545,7,,,1,70,,8560,7,,,1,30,,8546,7,,,1,70,,8561,7,,,1,30,,8547,7,,,1,70,,8562,7,,,1,30,,8548,7,,,1,70,,8563,7,,,1,30,,8549,7,,,1,70,,8564,7,,,1,30,,8550,7,,,1,70,,8565,7,,,1,30,,8551,7,,,1,70,,8566,7,,,1,30,,8552,7,,,1,70,,8567,7,,,1
45101,'Weekday-10',605,,8635,20,,,1,30,,8636,23,,,1,70,,8622,23,,,1,30,,8637,23,,,1,70,,8623,23,,,1,30,,8638,23,,,1,70,,8624,23,,,1,30,,8639,23,,,1,70,,8625,23,,,1,30,,8640,23,,,1,70,,8626,23,,,1,30,,8641,23,,,1,70,,8627,23,,,1,30,,8642,23,,,1,70,,8628,23,,,1,30,,8643,23,,,1,70,,8629,23,,,1,30,,8644,23,,,1,70,,8630,23,,,1,30,,8645,23,,,1,70,,8631,23,,,1,30,,8646,23,,,1,70,,8632,23,,,1,30,,8647,23,,,1,70,,8633,23,,,1,30,,8648,23,,,1,70,,8634,23,,,1
45101,'Weekday-11',605,,9523,20,,,1,30,,9524,23,,,1,70,,9510,23,,,1,30,,9525,23,,,1,70,,9511,23,,,1,30,,9526,23,,,1,70,,9512,23,,,1,30,,9527,23,,,1,70,,9513,23,,,1,30,,9528,23,,,1,70,,9514,23,,,1,30,,9529,23,,,1,70,,9515,23,,,1,30,,9530,23,,,1,70,,9516,23,,,1,30,,9531,23,,,1,70,,9517,23,,,1,30,,9532,23,,,1,70,,9518,23,,,1,30,,9533,23,,,1,70,,9519,23,,,1,30,,9534,23,,,1,70,,9520,23,,,1,30,,9535,23,,,1,70,,9521,23,,,1,30,,9536,23,,,1,70,,9522,23,,,1
45101,'Weekday-14',605,,8662,20,,,1,30,,8663,23,,,1,70,,8649,23,,,1,30,,8664,23,,,1,70,,8650,23,,,1,30,,8665,23,,,1,70,,8651,23,,,1,30,,8666,23,,,1,70,,8652,23,,,1,30,,8667,23,,,1,70,,8653,23,,,1,30,,8668,23,,,1,70,,8654,23,,,1,30,,8669,23,,,1,70,,8655,23,,,1,30,,8670,23,,,1,70,,8656,23,,,1,30,,8671,23,,,1,70,,8657,23,,,1,30,,8672,23,,,1,70,,8658,23,,,1,30,,8673,23,,,1,70,,8659,23,,,1,30,,8674,23,,,1,70,,8660,23,,,1,30,,8675,23,,,1,70,,8661,23,,,1
