41100,'Saturday-5',715,,7200,1,,,1,100,,7201,1,,,1,100,,7202,1,,,1,100,,7203,1,,,1,100,,7204,1,,,1,100,,7205,1,,,1,100,,7206,1,,,1,100,,7207,1,,,1,100,,7208,1,,,1,100,,7209,1,,,1,100,,7210,1,,,1,100,,7211,1,,,1,100,,7212,1,,,1,100,,7213,1,,,1,100,,7214,1,,,1,100,,7215,1,,,1,100,,7216,1,,,1
41100,'Saturday-7',715,,7227,1,,,1,100,,7228,1,,,1,100,,7229,1,,,1,100,,7230,1,,,1,100,,7231,1,,,1,100,,7232,1,,,1,100,,7233,1,,,1,100,,7217,1,,,1,100,,7218,1,,,1,100,,7219,1,,,1,100,,7220,1,,,1,100,,7221,1,,,1,100,,7222,1,,,1,100,,7223,1,,,1,100,,7224,1,,,1,100,,7225,1,,,1,100,,7226,1,,,1
41100,'Sunday-3',815,,7234,1,,,1,100,,7235,1,,,1,100,,7236,1,,,1,100,,7237,1,,,1,100,,7238,1,,,1,100,,7239,1,,,1,100,,7240,1,,,1,100,,7241,1,,,1,100,,7242,1,,,1,100,,7243,1,,,1,100,,7244,1,,,1,100,,7245,1,,,1
41100,'Weekday-10',540,,7282,1,,,1,60,,7255,1,,,1,15,,7252,1,,,1,15,,7256,1,,,1,15,,7274,1,,,1,55,,7250,1,,,1,15,,7246,1,,,1,15,,7253,1,,,1,15,,7257,1,,,1,55,,7275,1,,,1,15,,7251,1,,,1,15,,7247,1,,,1,15,,7254,1,,,1,55,,7276,1,,,1,15,,7258,1,,,1,30,,7248,1,,,1,70,,7277,1,,,1,30,,7259,1,,,1,70,,7249,1,,,1,30,,7278,1,,,1,70,,7260,1,,,1,30,,7283,1,,,1,70,,7279,1,,,1,30,,7261,1,,,1,70,,7284,1,,,1,30,,7280,1,,,1,70,,7262,1,,,1,30,,7285,1,,,1,70,,7265,1,,,1,15,,7263,1,,,1,15,,7287,1,,,1,55,,7286,1,,,1,15,,7281,1,,,1,15,,7266,1,,,1,15,,7264,1,,,1,70,,7268,1,,,1,30,,7267,1,,,1,70,,7269,1,,,1,100,,7270,1,,,1,100,,7271,1,,,1,100,,7272,1,,,1,100,,7273,1,,,1
41100,'Weekday-11',540,,8853,1,,,1,60,,8859,1,,,1,15,,8854,1,,,1,15,,8860,1,,,1,15,,8845,1,,,1,55,,8857,1,,,1,15,,8869,1,,,1,15,,8855,1,,,1,15,,8861,1,,,1,55,,8846,1,,,1,15,,8858,1,,,1,15,,8870,1,,,1,15,,8856,1,,,1,55,,8847,1,,,1,15,,8862,1,,,1,30,,8871,1,,,1,70,,8848,1,,,1,30,,8863,1,,,1,70,,8872,1,,,1,30,,8849,1,,,1,70,,8864,1,,,1,30,,8873,1,,,1,70,,8850,1,,,1,30,,8865,1,,,1,70,,8874,1,,,1,30,,8851,1,,,1,70,,8866,1,,,1,30,,8875,1,,,1,70,,8884,1,,,1,15,,8867,1,,,1,15,,8877,1,,,1,55,,8876,1,,,1,15,,8852,1,,,1,15,,8885,1,,,1,15,,8868,1,,,1,70,,8878,1,,,1,30,,8886,1,,,1,70,,8879,1,,,1,100,,8880,1,,,1,100,,8881,1,,,1,100,,8882,1,,,1,100,,8883,1,,,1
41100,'Weekday-14',540,,7300,1,,,1,60,,7306,1,,,1,15,,7303,1,,,1,15,,7307,1,,,1,15,,7292,1,,,1,55,,7301,1,,,1,15,,7288,1,,,1,15,,7304,1,,,1,15,,7308,1,,,1,55,,7293,1,,,1,15,,7302,1,,,1,15,,7289,1,,,1,15,,7305,1,,,1,55,,7294,1,,,1,15,,7309,1,,,1,30,,7290,1,,,1,70,,7295,1,,,1,30,,7310,1,,,1,70,,7291,1,,,1,30,,7296,1,,,1,70,,7311,1,,,1,30,,7317,1,,,1,70,,7297,1,,,1,30,,7312,1,,,1,70,,7318,1,,,1,30,,7298,1,,,1,70,,7313,1,,,1,30,,7319,1,,,1,70,,7321,1,,,1,15,,7314,1,,,1,15,,7316,1,,,1,55,,7320,1,,,1,15,,7299,1,,,1,15,,7322,1,,,1,15,,7315,1,,,1,70,,7324,1,,,1,30,,7323,1,,,1,70,,7325,1,,,1,100,,7326,1,,,1,100,,7327,1,,,1,100,,7328,1,,,1,100,,7329,1,,,1
41101,'Saturday-5',810,,7330,13,4,,1,100,,7331,13,4,,1,100,,7332,13,4,,1,100,,7333,13,4,,1,100,,7334,13,4,,1,100,,7335,13,4,,1,100,,7336,13,4,,1,100,,7337,13,4,,1,100,,7338,13,4,,1,100,,7339,13,4,,1,100,,7340,13,4,,1,100,,7341,13,4,,1,100,,7342,13,4,,1,100,,7343,13,4,,1,100,,7344,13,4,,1,100,,7345,13,4,,1,100,,7346,13,4,,1
41101,'Saturday-7',810,,7357,13,4,,1,100,,7358,13,4,,1,100,,7359,13,4,,1,100,,7360,13,4,,1,100,,7361,13,4,,1,100,,7362,13,4,,1,100,,7363,13,4,,1,100,,7347,13,4,,1,100,,7348,13,4,,1,100,,7349,13,4,,1,100,,7350,13,4,,1,100,,7351,13,4,,1,100,,7352,13,4,,1,100,,7353,13,4,,1,100,,7354,13,4,,1,100,,7355,13,4,,1,100,,7356,13,4,,1
41101,'Sunday-3',910,,7364,13,4,,1,100,,7365,13,4,,1,100,,7366,13,4,,1,100,,7367,13,4,,1,100,,7368,13,4,,1,100,,7369,13,4,,1,100,,7370,13,4,,1,100,,7371,13,4,,1,100,,7372,13,4,,1,100,,7373,13,4,,1,100,,7374,13,4,,1,100,,7375,13,4,,1
41101,'Weekday-10',640,,7407,13,4,,1,70,,7382,13,4,,1,15,,7380,13,4,,1,15,,7383,13,4,,1,15,,7400,13,4,,1,55,,7379,13,4,,1,15,,7376,13,4,,1,15,,7381,13,4,,1,70,,7384,13,4,,1,30,,7377,13,4,,1,69,,7401,13,4,,1,30,,7385,13,4,,1,71,,7378,13,4,,1,30,,7402,13,4,,1,70,,7386,13,4,,1,30,,7408,13,4,,1,70,,7403,13,4,,1,30,,7387,13,4,,1,70,,7409,13,4,,1,30,,7404,13,4,,1,70,,7388,13,4,,1,30,,7410,13,4,,1,15,,7405,13,4,,1,55,,7391,13,4,,1,15,,7389,13,4,,1,15,,7413,13,4,,1,15,,7411,13,4,,1,55,,7406,13,4,,1,15,,7392,13,4,,1,15,,7390,13,4,,1,15,,7414,13,4,,1,55,,7412,13,4,,1,30,,7393,13,4,,1,70,,7395,13,4,,1,100,,7396,13,4,,1,100,,7397,13,4,,1,100,,7398,13,4,,1,100,,7399,13,4,,1,100,,7394,13,4,,1
41101,'Weekday-11',640,,8894,13,4,,1,70,,8898,13,4,,1,15,,8895,13,4,,1,15,,8899,13,4,,1,15,,8887,13,4,,1,55,,8897,13,4,,1,15,,8907,13,4,,1,15,,8896,13,4,,1,70,,8900,13,4,,1,30,,8908,13,4,,1,69,,8888,13,4,,1,30,,8901,13,4,,1,71,,8909,13,4,,1,30,,8889,13,4,,1,70,,8902,13,4,,1,30,,8910,13,4,,1,70,,8890,13,4,,1,30,,8903,13,4,,1,70,,8911,13,4,,1,30,,8891,13,4,,1,70,,8904,13,4,,1,30,,8912,13,4,,1,15,,8892,13,4,,1,55,,8923,13,4,,1,15,,8905,13,4,,1,15,,8915,13,4,,1,15,,8913,13,4,,1,55,,8893,13,4,,1,15,,8924,13,4,,1,15,,8906,13,4,,1,15,,8916,13,4,,1,55,,8914,13,4,,1,30,,8925,13,4,,1,70,,8918,13,4,,1,100,,8919,13,4,,1,100,,8920,13,4,,1,100,,8921,13,4,,1,100,,8922,13,4,,1,100,,8917,13,4,,1
41101,'Weekday-14',640,,7425,13,4,,1,70,,7429,13,4,,1,15,,7427,13,4,,1,15,,7430,13,4,,1,15,,7418,13,4,,1,55,,7426,13,4,,1,15,,7415,13,4,,1,15,,7428,13,4,,1,70,,7431,13,4,,1,30,,7416,13,4,,1,69,,7419,13,4,,1,30,,7432,13,4,,1,71,,7417,13,4,,1,30,,7420,13,4,,1,70,,7433,13,4,,1,30,,7440,13,4,,1,70,,7421,13,4,,1,30,,7434,13,4,,1,70,,7441,13,4,,1,30,,7422,13,4,,1,70,,7435,13,4,,1,30,,7442,13,4,,1,15,,7423,13,4,,1,55,,7445,13,4,,1,15,,7436,13,4,,1,15,,7438,13,4,,1,15,,7443,13,4,,1,55,,7424,13,4,,1,15,,7446,13,4,,1,15,,7437,13,4,,1,15,,7439,13,4,,1,55,,7444,13,4,,1,30,,7447,13,4,,1,70,,7449,13,4,,1,100,,7450,13,4,,1,100,,7451,13,4,,1,100,,7452,13,4,,1,100,,7453,13,4,,1,100,,7448,13,4,,1
