43000,'Weekday-10',623,,7773,22,,,1,30,,7774,33,,,1,70,,7775,33,,,1,30,,7776,33,,,1,70,,7777,33,,,1,30,,7778,33,,,1,70,,7779,33,,,1,30,,7780,33,,,1,70,,7781,33,,,1,30,,7782,33,,,1,70,,7783,33,,,1,30,,7784,33,,,1,70,,7785,33,,,1,30,,7760,33,,,1,70,,7761,33,,,1,30,,7762,33,,,1,70,,7763,33,,,1,30,,7764,33,,,1,70,,7765,33,,,1,30,,7766,33,,,1,70,,7767,33,,,1,30,,7768,33,,,1,70,,7769,33,,,1,30,,7770,33,,,1,70,,7771,33,,,1,30,,7772,33,,,1
43000,'Weekday-11',623,,9092,22,,,1,30,,9093,33,,,1,70,,9094,33,,,1,30,,9095,33,,,1,70,,9096,33,,,1,30,,9097,33,,,1,70,,9098,33,,,1,30,,9099,33,,,1,70,,9100,33,,,1,30,,9101,33,,,1,70,,9102,33,,,1,30,,9103,33,,,1,70,,9104,33,,,1,30,,9079,33,,,1,70,,9080,33,,,1,30,,9081,33,,,1,70,,9082,33,,,1,30,,9083,33,,,1,70,,9084,33,,,1,30,,9085,33,,,1,70,,9086,33,,,1,30,,9087,33,,,1,70,,9088,33,,,1,30,,9089,33,,,1,70,,9090,33,,,1,30,,9091,33,,,1
43000,'Weekday-14',623,,7799,22,,,1,30,,7800,33,,,1,70,,7801,33,,,1,30,,7802,33,,,1,70,,7803,33,,,1,30,,7804,33,,,1,70,,7805,33,,,1,30,,7806,33,,,1,70,,7807,33,,,1,30,,7808,33,,,1,70,,7809,33,,,1,30,,7810,33,,,1,70,,7811,33,,,1,30,,7786,33,,,1,70,,7787,33,,,1,30,,7788,33,,,1,70,,7789,33,,,1,30,,7790,33,,,1,70,,7791,33,,,1,30,,7792,33,,,1,70,,7793,33,,,1,30,,7794,33,,,1,70,,7795,33,,,1,30,,7796,33,,,1,70,,7797,33,,,1,30,,7798,33,,,1
43100,'Weekday-10',608,,7838,18,,,1,30,,7812,30,,,1,70,,7813,30,,,1,30,,7814,30,,,1,70,,7815,30,,,1,30,,7816,30,,,1,70,,7817,30,,,1,30,,7818,30,,,1,70,,7819,30,,,1,30,,7820,30,,,1,70,,7821,30,,,1,30,,7822,30,,,1,70,,7823,30,,,1,30,,7824,30,,,1,70,,7825,30,,,1,30,,7826,30,,,1,70,,7827,30,,,1,30,,7828,30,,,1,70,,7829,30,,,1,30,,7830,30,,,1,70,,7831,30,,,1,30,,7832,30,,,1,70,,7833,30,,,1,30,,7834,30,,,1,70,,7835,30,,,1,30,,7836,30,,,1,70,,7837,30,,,1
43100,'Weekday-11',608,,9131,18,,,1,30,,9105,30,,,1,70,,9106,30,,,1,30,,9107,30,,,1,70,,9108,30,,,1,30,,9109,30,,,1,70,,9110,30,,,1,30,,9111,30,,,1,70,,9112,30,,,1,30,,9113,30,,,1,70,,9114,30,,,1,30,,9115,30,,,1,70,,9116,30,,,1,30,,9117,30,,,1,70,,9118,30,,,1,30,,9119,30,,,1,70,,9120,30,,,1,30,,9121,30,,,1,70,,9122,30,,,1,30,,9123,30,,,1,70,,9124,30,,,1,30,,9125,30,,,1,70,,9126,30,,,1,30,,9127,30,,,1,70,,9128,30,,,1,30,,9129,30,,,1,70,,9130,30,,,1
43100,'Weekday-14',608,,7865,18,,,1,30,,7839,30,,,1,70,,7840,30,,,1,30,,7841,30,,,1,70,,7842,30,,,1,30,,7843,30,,,1,70,,7844,30,,,1,30,,7845,30,,,1,70,,7846,30,,,1,30,,7847,30,,,1,70,,7848,30,,,1,30,,7849,30,,,1,70,,7850,30,,,1,30,,7851,30,,,1,70,,7852,30,,,1,30,,7853,30,,,1,70,,7854,30,,,1,30,,7855,30,,,1,70,,7856,30,,,1,30,,7857,30,,,1,70,,7858,30,,,1,30,,7859,30,,,1,70,,7860,30,,,1,30,,7861,30,,,1,70,,7862,30,,,1,30,,7863,30,,,1,70,,7864,30,,,1
43201,'Weekday-10',607,,7920,11,,,1,30,,7934,11,,,1,70,,7921,11,,,1,30,,7935,11,,,1,70,,7922,11,,,1,30,,7936,11,,,1,70,,7923,11,,,1,30,,7937,11,,,1,70,,7924,11,,,1,30,,7938,11,,,1,70,,7925,11,,,1,30,,7939,11,,,1,70,,7926,11,,,1,30,,7940,11,,,1,70,,7927,11,,,1,30,,7941,11,,,1,70,,7928,11,,,1,30,,7942,11,,,1,70,,7929,11,,,1,30,,7943,11,,,1,70,,7930,11,,,1,30,,7944,11,,,1,70,,7931,11,,,1,30,,7945,11,,,1,70,,7932,11,,,1,30,,7946,11,,,1,70,,7933,11,,,1
43201,'Weekday-11',607,,9159,11,,,1,30,,9173,11,,,1,70,,9160,11,,,1,30,,9174,11,,,1,70,,9161,11,,,1,30,,9175,11,,,1,70,,9162,11,,,1,30,,9176,11,,,1,70,,9163,11,,,1,30,,9177,11,,,1,70,,9164,11,,,1,30,,9178,11,,,1,70,,9165,11,,,1,30,,9179,11,,,1,70,,9166,11,,,1,30,,9180,11,,,1,70,,9167,11,,,1,30,,9181,11,,,1,70,,9168,11,,,1,30,,9182,11,,,1,70,,9169,11,,,1,30,,9183,11,,,1,70,,9170,11,,,1,30,,9184,11,,,1,70,,9171,11,,,1,30,,9185,11,,,1,70,,9172,11,,,1
43201,'Weekday-14',607,,7947,11,,,1,30,,7961,11,,,1,70,,7948,11,,,1,30,,7962,11,,,1,70,,7949,11,,,1,30,,7963,11,,,1,70,,7950,11,,,1,30,,7964,11,,,1,70,,7951,11,,,1,30,,7965,11,,,1,70,,7952,11,,,1,30,,7966,11,,,1,70,,7953,11,,,1,30,,7967,11,,,1,70,,7954,11,,,1,30,,7968,11,,,1,70,,7955,11,,,1,30,,7969,11,,,1,70,,7956,11,,,1,30,,7970,11,,,1,70,,7957,11,,,1,30,,7971,11,,,1,70,,7958,11,,,1,30,,7972,11,,,1,70,,7959,11,,,1,30,,7973,11,,,1,70,,7960,11,,,1
43301,'Weekday-10',609,,8045,11,,,1,30,,8028,11,,,1,70,,8052,11,,,1,30,,8029,11,,,1,70,,8053,11,,,1,30,,8030,11,,,1,70,,8048,11,,,1,30,,8031,11,,,1,70,,8044,11,,,1,30,,8032,11,,,1,70,,8047,11,,,1,30,,8033,11,,,1,70,,8049,11,,,1,30,,8034,11,,,1,70,,8046,11,,,1,30,,8035,11,,,1,70,,8043,11,,,1,30,,8036,11,,,1,70,,8051,11,,,1,30,,8037,11,,,1,70,,8042,11,,,1,30,,8038,11,,,1,70,,8050,11,,,1,30,,8039,11,,,1,70,,8041,11,,,1,30,,8040,11,,,1,70,,8054,11,,,1
43301,'Weekday-11',609,,9230,11,,,1,30,,9213,11,,,1,70,,9237,11,,,1,30,,9214,11,,,1,70,,9238,11,,,1,30,,9215,11,,,1,70,,9233,11,,,1,30,,9216,11,,,1,70,,9229,11,,,1,30,,9217,11,,,1,70,,9232,11,,,1,30,,9218,11,,,1,70,,9234,11,,,1,30,,9219,11,,,1,70,,9231,11,,,1,30,,9220,11,,,1,70,,9228,11,,,1,30,,9221,11,,,1,70,,9236,11,,,1,30,,9222,11,,,1,70,,9227,11,,,1,30,,9223,11,,,1,70,,9235,11,,,1,30,,9224,11,,,1,70,,9226,11,,,1,30,,9225,11,,,1,70,,9239,11,,,1
43301,'Weekday-14',609,,8072,11,,,1,30,,8055,11,,,1,70,,8079,11,,,1,30,,8056,11,,,1,70,,8080,11,,,1,30,,8057,11,,,1,70,,8075,11,,,1,30,,8058,11,,,1,70,,8071,11,,,1,30,,8059,11,,,1,70,,8074,11,,,1,30,,8060,11,,,1,70,,8076,11,,,1,30,,8061,11,,,1,70,,8073,11,,,1,30,,8062,11,,,1,70,,8070,11,,,1,30,,8063,11,,,1,70,,8078,11,,,1,30,,8064,11,,,1,70,,8069,11,,,1,30,,8065,11,,,1,70,,8077,11,,,1,30,,8066,11,,,1,70,,8068,11,,,1,30,,8067,11,,,1,70,,8081,11,,,1
45001,'Weekday-10',608,,8526,11,,,1,30,,8514,11,,,1,70,,8528,11,,,1,30,,8515,11,,,1,70,,8529,11,,,1,30,,8516,11,,,1,70,,8530,11,,,1,30,,8517,11,,,1,70,,8531,11,,,1,30,,8527,11,,,1,70,,8532,11,,,1,30,,8518,11,,,1,70,,8533,11,,,1,30,,8519,11,,,1,70,,8534,11,,,1,30,,8520,11,,,1,70,,8535,11,,,1,30,,8521,11,,,1,70,,8536,11,,,1,30,,8522,11,,,1,70,,8537,11,,,1,30,,8523,11,,,1,70,,8538,11,,,1,30,,8524,11,,,1,70,,8539,11,,,1,30,,8525,11,,,1,70,,8540,11,,,1
45001,'Weekday-11',608,,9468,11,,,1,30,,9456,11,,,1,70,,9470,11,,,1,30,,9457,11,,,1,70,,9471,11,,,1,30,,9458,11,,,1,70,,9472,11,,,1,30,,9459,11,,,1,70,,9473,11,,,1,30,,9469,11,,,1,70,,9474,11,,,1,30,,9460,11,,,1,70,,9475,11,,,1,30,,9461,11,,,1,70,,9476,11,,,1,30,,9462,11,,,1,70,,9477,11,,,1,30,,9463,11,,,1,70,,9478,11,,,1,30,,9464,11,,,1,70,,9479,11,,,1,30,,9465,11,,,1,70,,9480,11,,,1,30,,9466,11,,,1,70,,9481,11,,,1,30,,9467,11,,,1,70,,9482,11,,,1
45001,'Weekday-14',608,,8553,11,,,1,30,,8541,11,,,1,70,,8555,11,,,1,30,,8542,11,,,1,70,,8556,11,,,1,30,,8543,11,,,1,70,,8557,11,,,1,30,,8544,11,,,1,70,,8558,11,,,1,30,,8554,11,,,1,70,,8559,11,,,1,30,,8545,11,,,1,70,,8560,11,,,1,30,,8546,11,,,1,70,,8561,11,,,1,30,,8547,11,,,1,70,,8562,11,,,1,30,,8548,11,,,1,70,,8563,11,,,1,30,,8549,11,,,1,70,,8564,11,,,1,30,,8550,11,,,1,70,,8565,11,,,1,30,,8551,11,,,1,70,,8566,11,,,1,30,,8552,11,,,1,70,,8567,11,,,1
