43100,'Weekday-10',601,,7838,12,,,1,30,,7812,24,,,1,70,,7813,24,,,1,30,,7814,24,,,1,70,,7815,24,,,1,30,,7816,24,,,1,70,,7817,24,,,1,30,,7818,24,,,1,70,,7819,24,,,1,30,,7820,24,,,1,70,,7821,24,,,1,30,,7822,24,,,1,70,,7823,24,,,1,30,,7824,24,,,1,70,,7825,24,,,1,30,,7826,24,,,1,70,,7827,24,,,1,30,,7828,24,,,1,70,,7829,24,,,1,30,,7830,24,,,1,70,,7831,24,,,1,30,,7832,24,,,1,70,,7833,24,,,1,30,,7834,24,,,1,70,,7835,24,,,1,30,,7836,24,,,1,70,,7837,24,,,1
43100,'Weekday-11',601,,9131,12,,,1,30,,9105,24,,,1,70,,9106,24,,,1,30,,9107,24,,,1,70,,9108,24,,,1,30,,9109,24,,,1,70,,9110,24,,,1,30,,9111,24,,,1,70,,9112,24,,,1,30,,9113,24,,,1,70,,9114,24,,,1,30,,9115,24,,,1,70,,9116,24,,,1,30,,9117,24,,,1,70,,9118,24,,,1,30,,9119,24,,,1,70,,9120,24,,,1,30,,9121,24,,,1,70,,9122,24,,,1,30,,9123,24,,,1,70,,9124,24,,,1,30,,9125,24,,,1,70,,9126,24,,,1,30,,9127,24,,,1,70,,9128,24,,,1,30,,9129,24,,,1,70,,9130,24,,,1
43100,'Weekday-14',601,,7865,12,,,1,30,,7839,24,,,1,70,,7840,24,,,1,30,,7841,24,,,1,70,,7842,24,,,1,30,,7843,24,,,1,70,,7844,24,,,1,30,,7845,24,,,1,70,,7846,24,,,1,30,,7847,24,,,1,70,,7848,24,,,1,30,,7849,24,,,1,70,,7850,24,,,1,30,,7851,24,,,1,70,,7852,24,,,1,30,,7853,24,,,1,70,,7854,24,,,1,30,,7855,24,,,1,70,,7856,24,,,1,30,,7857,24,,,1,70,,7858,24,,,1,30,,7859,24,,,1,70,,7860,24,,,1,30,,7861,24,,,1,70,,7862,24,,,1,30,,7863,24,,,1,70,,7864,24,,,1
19043300,'Weekday-10',811,,8737,33,4,,1
19043300,'Weekday-14',811,,8739,33,4,,1
19044000,'Weekday-10',1524,,8744,1,,,1
19044000,'Weekday-14',1424,,8745,1,,,1
19044200,'Weekday-10',1524,,8748,1,,,1
19044200,'Weekday-14',1424,,8749,1,,,1
19044300,'Weekday-10',1524,,8750,1,,,1
19044300,'Weekday-14',1424,,8751,1,,,1
19045100,'Weekday-10',1524,,8752,1,,,1
19045100,'Weekday-14',1424,,8753,1,,,1
