43000,'Weekday-10',623,,7773,21,,,1,30,,7774,32,,,1,70,,7775,32,,,1,30,,7776,32,,,1,70,,7777,32,,,1,30,,7778,32,,,1,70,,7779,32,,,1,30,,7780,32,,,1,70,,7781,32,,,1,30,,7782,32,,,1,70,,7783,32,,,1,30,,7784,32,,,1,70,,7785,32,,,1,30,,7760,32,,,1,70,,7761,32,,,1,30,,7762,32,,,1,70,,7763,32,,,1,30,,7764,32,,,1,70,,7765,32,,,1,30,,7766,32,,,1,70,,7767,32,,,1,30,,7768,32,,,1,70,,7769,32,,,1,30,,7770,32,,,1,70,,7771,32,,,1,30,,7772,32,,,1
43000,'Weekday-11',623,,9092,21,,,1,30,,9093,32,,,1,70,,9094,32,,,1,30,,9095,32,,,1,70,,9096,32,,,1,30,,9097,32,,,1,70,,9098,32,,,1,30,,9099,32,,,1,70,,9100,32,,,1,30,,9101,32,,,1,70,,9102,32,,,1,30,,9103,32,,,1,70,,9104,32,,,1,30,,9079,32,,,1,70,,9080,32,,,1,30,,9081,32,,,1,70,,9082,32,,,1,30,,9083,32,,,1,70,,9084,32,,,1,30,,9085,32,,,1,70,,9086,32,,,1,30,,9087,32,,,1,70,,9088,32,,,1,30,,9089,32,,,1,70,,9090,32,,,1,30,,9091,32,,,1
43000,'Weekday-14',623,,7799,21,,,1,30,,7800,32,,,1,70,,7801,32,,,1,30,,7802,32,,,1,70,,7803,32,,,1,30,,7804,32,,,1,70,,7805,32,,,1,30,,7806,32,,,1,70,,7807,32,,,1,30,,7808,32,,,1,70,,7809,32,,,1,30,,7810,32,,,1,70,,7811,32,,,1,30,,7786,32,,,1,70,,7787,32,,,1,30,,7788,32,,,1,70,,7789,32,,,1,30,,7790,32,,,1,70,,7791,32,,,1,30,,7792,32,,,1,70,,7793,32,,,1,30,,7794,32,,,1,70,,7795,32,,,1,30,,7796,32,,,1,70,,7797,32,,,1,30,,7798,32,,,1
43100,'Weekday-10',607,,7838,17,,,1,30,,7812,29,,,1,70,,7813,29,,,1,30,,7814,29,,,1,70,,7815,29,,,1,30,,7816,29,,,1,70,,7817,29,,,1,30,,7818,29,,,1,70,,7819,29,,,1,30,,7820,29,,,1,70,,7821,29,,,1,30,,7822,29,,,1,70,,7823,29,,,1,30,,7824,29,,,1,70,,7825,29,,,1,30,,7826,29,,,1,70,,7827,29,,,1,30,,7828,29,,,1,70,,7829,29,,,1,30,,7830,29,,,1,70,,7831,29,,,1,30,,7832,29,,,1,70,,7833,29,,,1,30,,7834,29,,,1,70,,7835,29,,,1,30,,7836,29,,,1,70,,7837,29,,,1
43100,'Weekday-11',607,,9131,17,,,1,30,,9105,29,,,1,70,,9106,29,,,1,30,,9107,29,,,1,70,,9108,29,,,1,30,,9109,29,,,1,70,,9110,29,,,1,30,,9111,29,,,1,70,,9112,29,,,1,30,,9113,29,,,1,70,,9114,29,,,1,30,,9115,29,,,1,70,,9116,29,,,1,30,,9117,29,,,1,70,,9118,29,,,1,30,,9119,29,,,1,70,,9120,29,,,1,30,,9121,29,,,1,70,,9122,29,,,1,30,,9123,29,,,1,70,,9124,29,,,1,30,,9125,29,,,1,70,,9126,29,,,1,30,,9127,29,,,1,70,,9128,29,,,1,30,,9129,29,,,1,70,,9130,29,,,1
43100,'Weekday-14',607,,7865,17,,,1,30,,7839,29,,,1,70,,7840,29,,,1,30,,7841,29,,,1,70,,7842,29,,,1,30,,7843,29,,,1,70,,7844,29,,,1,30,,7845,29,,,1,70,,7846,29,,,1,30,,7847,29,,,1,70,,7848,29,,,1,30,,7849,29,,,1,70,,7850,29,,,1,30,,7851,29,,,1,70,,7852,29,,,1,30,,7853,29,,,1,70,,7854,29,,,1,30,,7855,29,,,1,70,,7856,29,,,1,30,,7857,29,,,1,70,,7858,29,,,1,30,,7859,29,,,1,70,,7860,29,,,1,30,,7861,29,,,1,70,,7862,29,,,1,30,,7863,29,,,1,70,,7864,29,,,1
43301,'Weekday-10',608,,8045,10,,,1,30,,8028,10,,,1,70,,8052,10,,,1,30,,8029,10,,,1,70,,8053,10,,,1,30,,8030,10,,,1,70,,8048,10,,,1,30,,8031,10,,,1,70,,8044,10,,,1,30,,8032,10,,,1,70,,8047,10,,,1,30,,8033,10,,,1,70,,8049,10,,,1,30,,8034,10,,,1,70,,8046,10,,,1,30,,8035,10,,,1,70,,8043,10,,,1,30,,8036,10,,,1,70,,8051,10,,,1,30,,8037,10,,,1,70,,8042,10,,,1,30,,8038,10,,,1,70,,8050,10,,,1,30,,8039,10,,,1,70,,8041,10,,,1,30,,8040,10,,,1,70,,8054,10,,,1
43301,'Weekday-11',608,,9230,10,,,1,30,,9213,10,,,1,70,,9237,10,,,1,30,,9214,10,,,1,70,,9238,10,,,1,30,,9215,10,,,1,70,,9233,10,,,1,30,,9216,10,,,1,70,,9229,10,,,1,30,,9217,10,,,1,70,,9232,10,,,1,30,,9218,10,,,1,70,,9234,10,,,1,30,,9219,10,,,1,70,,9231,10,,,1,30,,9220,10,,,1,70,,9228,10,,,1,30,,9221,10,,,1,70,,9236,10,,,1,30,,9222,10,,,1,70,,9227,10,,,1,30,,9223,10,,,1,70,,9235,10,,,1,30,,9224,10,,,1,70,,9226,10,,,1,30,,9225,10,,,1,70,,9239,10,,,1
43301,'Weekday-14',608,,8072,10,,,1,30,,8055,10,,,1,70,,8079,10,,,1,30,,8056,10,,,1,70,,8080,10,,,1,30,,8057,10,,,1,70,,8075,10,,,1,30,,8058,10,,,1,70,,8071,10,,,1,30,,8059,10,,,1,70,,8074,10,,,1,30,,8060,10,,,1,70,,8076,10,,,1,30,,8061,10,,,1,70,,8073,10,,,1,30,,8062,10,,,1,70,,8070,10,,,1,30,,8063,10,,,1,70,,8078,10,,,1,30,,8064,10,,,1,70,,8069,10,,,1,30,,8065,10,,,1,70,,8077,10,,,1,30,,8066,10,,,1,70,,8068,10,,,1,30,,8067,10,,,1,70,,8081,10,,,1
45001,'Weekday-10',607,,8526,10,,,1,30,,8514,10,,,1,70,,8528,10,,,1,30,,8515,10,,,1,70,,8529,10,,,1,30,,8516,10,,,1,70,,8530,10,,,1,30,,8517,10,,,1,70,,8531,10,,,1,30,,8527,10,,,1,70,,8532,10,,,1,30,,8518,10,,,1,70,,8533,10,,,1,30,,8519,10,,,1,70,,8534,10,,,1,30,,8520,10,,,1,70,,8535,10,,,1,30,,8521,10,,,1,70,,8536,10,,,1,30,,8522,10,,,1,70,,8537,10,,,1,30,,8523,10,,,1,70,,8538,10,,,1,30,,8524,10,,,1,70,,8539,10,,,1,30,,8525,10,,,1,70,,8540,10,,,1
45001,'Weekday-11',607,,9468,10,,,1,30,,9456,10,,,1,70,,9470,10,,,1,30,,9457,10,,,1,70,,9471,10,,,1,30,,9458,10,,,1,70,,9472,10,,,1,30,,9459,10,,,1,70,,9473,10,,,1,30,,9469,10,,,1,70,,9474,10,,,1,30,,9460,10,,,1,70,,9475,10,,,1,30,,9461,10,,,1,70,,9476,10,,,1,30,,9462,10,,,1,70,,9477,10,,,1,30,,9463,10,,,1,70,,9478,10,,,1,30,,9464,10,,,1,70,,9479,10,,,1,30,,9465,10,,,1,70,,9480,10,,,1,30,,9466,10,,,1,70,,9481,10,,,1,30,,9467,10,,,1,70,,9482,10,,,1
45001,'Weekday-14',607,,8553,10,,,1,30,,8541,10,,,1,70,,8555,10,,,1,30,,8542,10,,,1,70,,8556,10,,,1,30,,8543,10,,,1,70,,8557,10,,,1,30,,8544,10,,,1,70,,8558,10,,,1,30,,8554,10,,,1,70,,8559,10,,,1,30,,8545,10,,,1,70,,8560,10,,,1,30,,8546,10,,,1,70,,8561,10,,,1,30,,8547,10,,,1,70,,8562,10,,,1,30,,8548,10,,,1,70,,8563,10,,,1,30,,8549,10,,,1,70,,8564,10,,,1,30,,8550,10,,,1,70,,8565,10,,,1,30,,8551,10,,,1,70,,8566,10,,,1,30,,8552,10,,,1,70,,8567,10,,,1
