44200,'Weekday-10',617,,8244,2,0,14,1,30,,8259,2,0,14,1,70,,8245,2,0,14,1,30,,8260,2,0,14,1,70,,8246,2,0,14,1,30,,8261,2,0,14,1,70,,8247,2,0,14,1,30,,8262,2,0,14,1,70,,8248,2,0,14,1,30,,8263,2,0,14,1,70,,8249,2,0,14,1,30,,8264,2,0,14,1,70,,8250,2,0,14,1,30,,8265,2,0,14,1,70,,8251,2,0,14,1,30,,8266,2,0,14,1,70,,8252,2,0,14,1,30,,8267,2,0,14,1,70,,8253,2,0,14,1,30,,8268,2,0,14,1,70,,8254,2,0,14,1,30,,8269,2,0,14,1,70,,8255,2,0,14,1,30,,8270,2,0,14,1,70,,8256,2,0,14,1,30,,8257,2,0,14,1
44200,'Weekday-11',617,,9321,2,0,14,1,30,,9336,2,0,14,1,70,,9322,2,0,14,1,30,,9337,2,0,14,1,70,,9323,2,0,14,1,30,,9338,2,0,14,1,70,,9324,2,0,14,1,30,,9339,2,0,14,1,70,,9325,2,0,14,1,30,,9340,2,0,14,1,70,,9326,2,0,14,1,30,,9341,2,0,14,1,70,,9327,2,0,14,1,30,,9342,2,0,14,1,70,,9328,2,0,14,1,30,,9343,2,0,14,1,70,,9329,2,0,14,1,30,,9344,2,0,14,1,70,,9330,2,0,14,1,30,,9345,2,0,14,1,70,,9331,2,0,14,1,30,,9346,2,0,14,1,70,,9332,2,0,14,1,30,,9347,2,0,14,1,70,,9333,2,0,14,1,30,,9334,2,0,14,1
44200,'Weekday-14',617,,8271,2,0,14,1,30,,8286,2,0,14,1,70,,8272,2,0,14,1,30,,8287,2,0,14,1,70,,8273,2,0,14,1,30,,8288,2,0,14,1,70,,8274,2,0,14,1,30,,8289,2,0,14,1,70,,8275,2,0,14,1,30,,8290,2,0,14,1,70,,8276,2,0,14,1,30,,8291,2,0,14,1,70,,8277,2,0,14,1,30,,8292,2,0,14,1,70,,8278,2,0,14,1,30,,8293,2,0,14,1,70,,8279,2,0,14,1,30,,8294,2,0,14,1,70,,8280,2,0,14,1,30,,8295,2,0,14,1,70,,8281,2,0,14,1,30,,8296,2,0,14,1,70,,8282,2,0,14,1,30,,8297,2,0,14,1,70,,8283,2,0,14,1,30,,8284,2,0,14,1
44300,'Weekday-10',617,,8352,2,,,1,30,,8365,2,,,1,70,,8353,2,,,1,30,,8366,2,,,1,70,,8354,2,,,1,30,,8367,2,,,1,70,,8355,2,,,1,30,,8368,2,,,1,70,,8356,2,,,1,30,,8369,2,,,1,70,,8357,2,,,1,30,,8370,2,,,1,70,,8358,2,,,1,30,,8371,2,,,1,70,,8359,2,,,1,30,,8372,2,,,1,70,,8360,2,,,1,30,,8373,2,,,1,70,,8361,2,,,1,30,,8374,2,,,1,70,,8362,2,,,1,30,,8375,2,,,1,70,,8363,2,,,1,30,,8376,2,,,1,70,,8364,2,,,1,30,,8378,2,0,12,1
44300,'Weekday-11',617,,9375,2,,,1,30,,9388,2,,,1,70,,9376,2,,,1,30,,9389,2,,,1,70,,9377,2,,,1,30,,9390,2,,,1,70,,9378,2,,,1,30,,9391,2,,,1,70,,9379,2,,,1,30,,9392,2,,,1,70,,9380,2,,,1,30,,9393,2,,,1,70,,9381,2,,,1,30,,9394,2,,,1,70,,9382,2,,,1,30,,9395,2,,,1,70,,9383,2,,,1,30,,9396,2,,,1,70,,9384,2,,,1,30,,9397,2,,,1,70,,9385,2,,,1,30,,9398,2,,,1,70,,9386,2,,,1,30,,9399,2,,,1,70,,9387,2,,,1,30,,9401,2,0,12,1
44300,'Weekday-14',617,,8379,2,,,1,30,,8392,2,,,1,70,,8380,2,,,1,30,,8393,2,,,1,70,,8381,2,,,1,30,,8394,2,,,1,70,,8382,2,,,1,30,,8395,2,,,1,70,,8383,2,,,1,30,,8396,2,,,1,70,,8384,2,,,1,30,,8397,2,,,1,70,,8385,2,,,1,30,,8398,2,,,1,70,,8386,2,,,1,30,,8399,2,,,1,70,,8387,2,,,1,30,,8400,2,,,1,70,,8388,2,,,1,30,,8401,2,,,1,70,,8389,2,,,1,30,,8402,2,,,1,70,,8390,2,,,1,30,,8403,2,,,1,70,,8391,2,,,1,30,,8405,2,0,12,1
45000,'Weekday-10',620,,8461,6,,,1,30,,8474,6,,,1,70,,8462,6,,,1,30,,8475,6,,,1,70,,8463,6,,,1,30,,8476,6,,,1,70,,8464,6,,,1,30,,8477,6,,,1,70,,8465,6,,,1,30,,8478,6,,,1,70,,8466,6,,,1,30,,8479,6,,,1,70,,8467,6,,,1,30,,8480,6,,,1,70,,8468,6,,,1,30,,8481,6,,,1,70,,8469,6,,,1,30,,8482,6,,,1,70,,8470,6,,,1,30,,8483,6,,,1,70,,8471,6,,,1,30,,8484,6,,,1,70,,8472,6,,,1,30,,8485,6,,,1,70,,8473,6,,,1,30,,8486,6,,,1
45000,'Weekday-11',620,,9430,6,,,1,30,,9443,6,,,1,70,,9431,6,,,1,30,,9444,6,,,1,70,,9432,6,,,1,30,,9445,6,,,1,70,,9433,6,,,1,30,,9446,6,,,1,70,,9434,6,,,1,30,,9447,6,,,1,70,,9435,6,,,1,30,,9448,6,,,1,70,,9436,6,,,1,30,,9449,6,,,1,70,,9437,6,,,1,30,,9450,6,,,1,70,,9438,6,,,1,30,,9451,6,,,1,70,,9439,6,,,1,30,,9452,6,,,1,70,,9440,6,,,1,30,,9453,6,,,1,70,,9441,6,,,1,30,,9454,6,,,1,70,,9442,6,,,1,30,,9455,6,,,1
45000,'Weekday-14',620,,8488,6,,,1,30,,8501,6,,,1,70,,8489,6,,,1,30,,8502,6,,,1,70,,8490,6,,,1,30,,8503,6,,,1,70,,8491,6,,,1,30,,8504,6,,,1,70,,8492,6,,,1,30,,8505,6,,,1,70,,8493,6,,,1,30,,8506,6,,,1,70,,8494,6,,,1,30,,8507,6,,,1,70,,8495,6,,,1,30,,8508,6,,,1,70,,8496,6,,,1,30,,8509,6,,,1,70,,8497,6,,,1,30,,8510,6,,,1,70,,8498,6,,,1,30,,8511,6,,,1,70,,8499,6,,,1,30,,8512,6,,,1,70,,8500,6,,,1,30,,8513,6,,,1
45100,'Weekday-10',616,,8568,2,,,1,30,,8581,2,,,1,70,,8569,2,,,1,30,,8582,2,,,1,70,,8570,2,,,1,30,,8583,2,,,1,70,,8571,2,,,1,30,,8584,2,,,1,70,,8572,2,,,1,30,,8585,2,,,1,70,,8573,2,,,1,30,,8586,2,,,1,70,,8574,2,,,1,30,,8587,2,,,1,70,,8575,2,,,1,30,,8588,2,,,1,70,,8576,2,,,1,30,,8589,2,,,1,70,,8577,2,,,1,30,,8590,2,,,1,70,,8578,2,,,1,30,,8591,2,,,1,70,,8579,2,,,1,30,,8592,2,,,1,70,,8580,2,,,1,30,,8593,2,0,12,1
45100,'Weekday-11',616,,9483,2,,,1,30,,9496,2,,,1,70,,9484,2,,,1,30,,9497,2,,,1,70,,9485,2,,,1,30,,9498,2,,,1,70,,9486,2,,,1,30,,9499,2,,,1,70,,9487,2,,,1,30,,9500,2,,,1,70,,9488,2,,,1,30,,9501,2,,,1,70,,9489,2,,,1,30,,9502,2,,,1,70,,9490,2,,,1,30,,9503,2,,,1,70,,9491,2,,,1,30,,9504,2,,,1,70,,9492,2,,,1,30,,9505,2,,,1,70,,9493,2,,,1,30,,9506,2,,,1,70,,9494,2,,,1,30,,9507,2,,,1,70,,9495,2,,,1,30,,9508,2,0,12,1
45100,'Weekday-14',616,,8595,2,,,1,30,,8608,2,,,1,70,,8596,2,,,1,30,,8609,2,,,1,70,,8597,2,,,1,30,,8610,2,,,1,70,,8598,2,,,1,30,,8611,2,,,1,70,,8599,2,,,1,30,,8612,2,,,1,70,,8600,2,,,1,30,,8613,2,,,1,70,,8601,2,,,1,30,,8614,2,,,1,70,,8602,2,,,1,30,,8615,2,,,1,70,,8603,2,,,1,30,,8616,2,,,1,70,,8604,2,,,1,30,,8617,2,,,1,70,,8605,2,,,1,30,,8618,2,,,1,70,,8606,2,,,1,30,,8619,2,,,1,70,,8607,2,,,1,30,,8620,2,0,12,1
19044200,'Weekday-10',1533,,8748,5,,,1
19044200,'Weekday-14',1433,,8749,5,,,1
19044300,'Weekday-10',1531,,8750,5,,,1
19044300,'Weekday-14',1431,,8751,5,,,1
19045100,'Weekday-10',1526,,8752,2,,,1
19045100,'Weekday-14',1426,,8753,2,,,1
