40400,'Weekday-10',640,,7110,9,4,,1,70,,7106,9,4,,1,30,,7111,9,4,,1,70,,7107,9,4,,1,30,,7112,9,4,,1,70,,7108,9,4,,1,30,,7113,9,4,,1,70,,7109,9,4,,1,100,,7114,9,4,,1,100,,7115,9,4,,1,100,,7124,9,4,,1,100,,7125,9,4,,1,100,,7120,3,4,,1,30,,7131,3,4,,1,70,,7117,3,4,,1,5,,7121,8,4,,1,25,,7123,3,4,,1,5,,7128,8,4,,1,65,,7129,3,4,,1,5,,7116,8,4,,1,25,,7118,3,4,,1,5,,7122,8,4,,1,70,,7126,9,4,,1,25,,7119,9,4,,1,70,,7130,9,4,,1
40400,'Weekday-11',640,,8798,9,4,,1,70,,8804,9,4,,1,30,,8799,9,4,,1,70,,8805,9,4,,1,30,,8800,9,4,,1,70,,8806,9,4,,1,30,,8801,9,4,,1,70,,8807,9,4,,1,100,,8802,9,4,,1,100,,8803,9,4,,1,100,,8812,9,4,,1,100,,8813,9,4,,1,100,,8820,3,4,,1,30,,8819,3,4,,1,70,,8809,3,4,,1,5,,8821,8,4,,1,25,,8823,3,4,,1,5,,8816,8,4,,1,65,,8817,3,4,,1,5,,8808,8,4,,1,25,,8810,3,4,,1,5,,8822,8,4,,1,70,,8814,9,4,,1,25,,8811,9,4,,1,70,,8818,9,4,,1
40400,'Weekday-14',640,,7136,9,4,,1,70,,7132,9,4,,1,30,,7137,9,4,,1,70,,7133,9,4,,1,30,,7138,9,4,,1,70,,7134,9,4,,1,30,,7139,9,4,,1,70,,7135,9,4,,1,100,,7140,9,4,,1,100,,7141,9,4,,1,100,,7150,9,4,,1,100,,7151,9,4,,1,100,,7146,3,4,,1,30,,7157,3,4,,1,70,,7143,3,4,,1,5,,7147,8,4,,1,25,,7149,3,4,,1,5,,7154,8,4,,1,65,,7155,3,4,,1,5,,7142,8,4,,1,25,,7144,3,4,,1,5,,7148,8,4,,1,70,,7152,9,4,,1,25,,7145,9,4,,1,70,,7156,9,4,,1
40401,'Weekday-10',645,,7162,1,,,1,70,,7158,1,,,1,30,,7163,1,,,1,70,,7159,1,,,1,30,,7164,1,,,1,70,,7160,1,,,1,30,,7167,1,,,1,70,,7161,1,,,1,100,,7165,1,,,1,100,,7166,1,,,1,97,,7175,1,,,1,100,,7176,1,,,1,98,,7172,1,,,1,30,,7178,1,,,1,70,,7169,1,,,1,30,,7171,1,,,1,70,,7174,1,,,1,30,,7170,1,,,1,75,,7177,1,,,1,30,,7168,1,,,1,70,,7173,1,,,1
40401,'Weekday-11',645,,8824,1,,,1,70,,8830,1,,,1,30,,8825,1,,,1,70,,8831,1,,,1,30,,8826,1,,,1,70,,8832,1,,,1,30,,8829,1,,,1,70,,8833,1,,,1,100,,8827,1,,,1,100,,8828,1,,,1,97,,8839,1,,,1,100,,8840,1,,,1,98,,8844,1,,,1,30,,8842,1,,,1,70,,8835,1,,,1,30,,8843,1,,,1,70,,8838,1,,,1,30,,8836,1,,,1,75,,8841,1,,,1,30,,8834,1,,,1,70,,8837,1,,,1
40401,'Weekday-14',645,,7183,1,,,1,70,,7179,1,,,1,30,,7184,1,,,1,70,,7180,1,,,1,30,,7185,1,,,1,70,,7181,1,,,1,30,,7188,1,,,1,70,,7182,1,,,1,100,,7186,1,,,1,100,,7187,1,,,1,97,,7196,1,,,1,100,,7197,1,,,1,98,,7193,1,,,1,30,,7199,1,,,1,70,,7190,1,,,1,30,,7192,1,,,1,70,,7195,1,,,1,30,,7191,1,,,1,75,,7198,1,,,1,30,,7189,1,,,1,70,,7194,1,,,1
41400,'Weekday-10',635,,7491,3,4,,1,15,,7494,3,4,,1,55,,7493,3,4,,1,15,,7502,3,4,,1,15,,7477,3,4,,1,15,,7489,3,4,,1,55,,7495,3,4,,1,15,,7492,3,4,,1,15,,7506,3,4,,1,15,,7476,3,4,,1,55,,7483,3,4,,1,15,,7490,3,4,,1,10,,7496,3,4,,1,15,,7503,3,4,,1,70,,7482,3,4,,1,30,,7504,3,4,,1,70,,7484,3,4,,1,30,,7505,3,4,,1,70,,7497,3,4,,1,30,,7479,3,4,,1,70,,7507,3,4,,1,30,,7499,3,4,,1,70,,7485,3,4,,1,30,,7513,3,4,,1,70,,7480,3,4,,1,35,,7486,3,4,,1,70,,7514,3,4,,1,30,,7500,3,4,,1,55,,7488,3,4,,1,15,,7478,3,4,,1,15,,7509,3,4,,1,15,,7481,3,4,,1,55,,7501,3,4,,1,15,,7487,3,4,,1,25,,7508,3,4,,1,100,,7510,3,4,,1,100,,7511,3,4,,1,100,,7512,3,4,,1
41400,'Weekday-11',635,,8965,3,4,,1,15,,8948,3,4,,1,55,,8967,3,4,,1,15,,8942,3,4,,1,15,,8969,3,4,,1,15,,8963,3,4,,1,55,,8950,3,4,,1,15,,8966,3,4,,1,15,,8945,3,4,,1,15,,8968,3,4,,1,55,,8960,3,4,,1,15,,8964,3,4,,1,10,,8951,3,4,,1,15,,8943,3,4,,1,70,,8959,3,4,,1,30,,8949,3,4,,1,70,,8961,3,4,,1,30,,8944,3,4,,1,70,,8952,3,4,,1,30,,8956,3,4,,1,70,,8946,3,4,,1,30,,8953,3,4,,1,70,,8962,3,4,,1,30,,8970,3,4,,1,70,,8957,3,4,,1,35,,8973,3,4,,1,70,,8971,3,4,,1,30,,8954,3,4,,1,55,,8975,3,4,,1,15,,8972,3,4,,1,15,,8938,3,4,,1,15,,8958,3,4,,1,55,,8955,3,4,,1,15,,8974,3,4,,1,25,,8937,3,4,,1,100,,8939,3,4,,1,100,,8940,3,4,,1,100,,8941,3,4,,1
41400,'Weekday-14',635,,7543,3,4,,1,15,,7527,3,4,,1,55,,7545,3,4,,1,15,,7535,3,4,,1,15,,7547,3,4,,1,15,,7541,3,4,,1,55,,7529,3,4,,1,15,,7544,3,4,,1,15,,7538,3,4,,1,15,,7546,3,4,,1,55,,7524,3,4,,1,15,,7542,3,4,,1,10,,7530,3,4,,1,15,,7536,3,4,,1,70,,7523,3,4,,1,30,,7540,3,4,,1,70,,7525,3,4,,1,30,,7537,3,4,,1,70,,7531,3,4,,1,30,,7520,3,4,,1,70,,7539,3,4,,1,30,,7532,3,4,,1,70,,7526,3,4,,1,30,,7548,3,4,,1,70,,7521,3,4,,1,35,,7551,3,4,,1,70,,7549,3,4,,1,30,,7533,3,4,,1,55,,7553,3,4,,1,15,,7550,3,4,,1,15,,7516,3,4,,1,15,,7522,3,4,,1,55,,7534,3,4,,1,15,,7552,3,4,,1,25,,7515,3,4,,1,100,,7517,3,4,,1,100,,7518,3,4,,1,100,,7519,3,4,,1
41401,'Weekday-10',635,,7567,1,,,1,15,,7571,1,,,1,55,,7569,1,,,1,15,,7579,1,,,1,15,,7554,1,,,1,15,,7568,1,,,1,55,,7570,1,,,1,35,,7578,1,,,1,70,,7557,1,,,1,35,,7580,1,,,1,70,,7560,1,,,1,30,,7581,1,,,1,70,,7572,1,,,1,30,,7561,1,,,1,70,,7582,1,,,1,25,,7576,1,,,1,70,,7558,1,,,1,30,,7583,1,,,1,70,,7573,1,,,1,5,,7563,1,,,1,25,,7564,1,,,1,67,,7589,1,,,1,13,,7562,1,,,1,15,,7574,1,,,1,15,,7566,1,,,1,55,,7555,1,,,1,15,,7590,1,,,1,15,,7559,1,,,1,15,,7577,1,,,1,55,,7565,1,,,1,20,,7556,1,,,1,15,,7584,1,,,1,70,,7575,1,,,1,35,,7585,1,,,1,100,,7587,1,,,1,100,,7586,1,,,1,100,,7588,1,,,1
41401,'Weekday-11',635,,9002,1,,,1,15,,8988,1,,,1,55,,9004,1,,,1,15,,8982,1,,,1,15,,9005,1,,,1,15,,9003,1,,,1,55,,8987,1,,,1,35,,8981,1,,,1,70,,8995,1,,,1,35,,8983,1,,,1,70,,8998,1,,,1,30,,8984,1,,,1,70,,8989,1,,,1,30,,8999,1,,,1,70,,8985,1,,,1,25,,8993,1,,,1,70,,8996,1,,,1,30,,8986,1,,,1,70,,8990,1,,,1,5,,9001,1,,,1,25,,9010,1,,,1,67,,9006,1,,,1,13,,9000,1,,,1,15,,8991,1,,,1,15,,9012,1,,,1,55,,9008,1,,,1,15,,9007,1,,,1,15,,8997,1,,,1,15,,8994,1,,,1,55,,9011,1,,,1,20,,9009,1,,,1,15,,8976,1,,,1,70,,8992,1,,,1,35,,8977,1,,,1,100,,8979,1,,,1,100,,8978,1,,,1,100,,8980,1,,,1
41401,'Weekday-14',635,,7617,1,,,1,15,,7604,1,,,1,55,,7619,1,,,1,15,,7612,1,,,1,15,,7620,1,,,1,15,,7618,1,,,1,55,,7603,1,,,1,35,,7611,1,,,1,70,,7596,1,,,1,35,,7613,1,,,1,70,,7599,1,,,1,30,,7614,1,,,1,70,,7605,1,,,1,30,,7600,1,,,1,70,,7615,1,,,1,25,,7609,1,,,1,70,,7597,1,,,1,30,,7616,1,,,1,70,,7606,1,,,1,5,,7602,1,,,1,25,,7625,1,,,1,67,,7621,1,,,1,13,,7601,1,,,1,15,,7607,1,,,1,15,,7627,1,,,1,55,,7623,1,,,1,15,,7622,1,,,1,15,,7598,1,,,1,15,,7610,1,,,1,55,,7626,1,,,1,20,,7624,1,,,1,15,,7591,1,,,1,70,,7608,1,,,1,35,,7592,1,,,1,100,,7594,1,,,1,100,,7593,1,,,1,100,,7595,1,,,1
