44200,'Weekday-10',618,,8244,3,0,14,1,30,,8259,3,0,14,1,70,,8245,3,0,14,1,30,,8260,3,0,14,1,70,,8246,3,0,14,1,30,,8261,3,0,14,1,70,,8247,3,0,14,1,30,,8262,3,0,14,1,70,,8248,3,0,14,1,30,,8263,3,0,14,1,70,,8249,3,0,14,1,30,,8264,3,0,14,1,70,,8250,3,0,14,1,30,,8265,3,0,14,1,70,,8251,3,0,14,1,30,,8266,3,0,14,1,70,,8252,3,0,14,1,30,,8267,3,0,14,1,70,,8253,3,0,14,1,30,,8268,3,0,14,1,70,,8254,3,0,14,1,30,,8269,3,0,14,1,70,,8255,3,0,14,1,30,,8270,3,0,14,1,70,,8256,3,0,14,1,30,,8257,3,0,14,1
44200,'Weekday-11',618,,9321,3,0,14,1,30,,9336,3,0,14,1,70,,9322,3,0,14,1,30,,9337,3,0,14,1,70,,9323,3,0,14,1,30,,9338,3,0,14,1,70,,9324,3,0,14,1,30,,9339,3,0,14,1,70,,9325,3,0,14,1,30,,9340,3,0,14,1,70,,9326,3,0,14,1,30,,9341,3,0,14,1,70,,9327,3,0,14,1,30,,9342,3,0,14,1,70,,9328,3,0,14,1,30,,9343,3,0,14,1,70,,9329,3,0,14,1,30,,9344,3,0,14,1,70,,9330,3,0,14,1,30,,9345,3,0,14,1,70,,9331,3,0,14,1,30,,9346,3,0,14,1,70,,9332,3,0,14,1,30,,9347,3,0,14,1,70,,9333,3,0,14,1,30,,9334,3,0,14,1
44200,'Weekday-14',618,,8271,3,0,14,1,30,,8286,3,0,14,1,70,,8272,3,0,14,1,30,,8287,3,0,14,1,70,,8273,3,0,14,1,30,,8288,3,0,14,1,70,,8274,3,0,14,1,30,,8289,3,0,14,1,70,,8275,3,0,14,1,30,,8290,3,0,14,1,70,,8276,3,0,14,1,30,,8291,3,0,14,1,70,,8277,3,0,14,1,30,,8292,3,0,14,1,70,,8278,3,0,14,1,30,,8293,3,0,14,1,70,,8279,3,0,14,1,30,,8294,3,0,14,1,70,,8280,3,0,14,1,30,,8295,3,0,14,1,70,,8281,3,0,14,1,30,,8296,3,0,14,1,70,,8282,3,0,14,1,30,,8297,3,0,14,1,70,,8283,3,0,14,1,30,,8284,3,0,14,1
45000,'Weekday-10',621,,8461,7,,,1,30,,8474,7,,,1,70,,8462,7,,,1,30,,8475,7,,,1,70,,8463,7,,,1,30,,8476,7,,,1,70,,8464,7,,,1,30,,8477,7,,,1,70,,8465,7,,,1,30,,8478,7,,,1,70,,8466,7,,,1,30,,8479,7,,,1,70,,8467,7,,,1,30,,8480,7,,,1,70,,8468,7,,,1,30,,8481,7,,,1,70,,8469,7,,,1,30,,8482,7,,,1,70,,8470,7,,,1,30,,8483,7,,,1,70,,8471,7,,,1,30,,8484,7,,,1,70,,8472,7,,,1,30,,8485,7,,,1,70,,8473,7,,,1,30,,8486,7,,,1
45000,'Weekday-11',621,,9430,7,,,1,30,,9443,7,,,1,70,,9431,7,,,1,30,,9444,7,,,1,70,,9432,7,,,1,30,,9445,7,,,1,70,,9433,7,,,1,30,,9446,7,,,1,70,,9434,7,,,1,30,,9447,7,,,1,70,,9435,7,,,1,30,,9448,7,,,1,70,,9436,7,,,1,30,,9449,7,,,1,70,,9437,7,,,1,30,,9450,7,,,1,70,,9438,7,,,1,30,,9451,7,,,1,70,,9439,7,,,1,30,,9452,7,,,1,70,,9440,7,,,1,30,,9453,7,,,1,70,,9441,7,,,1,30,,9454,7,,,1,70,,9442,7,,,1,30,,9455,7,,,1
45000,'Weekday-14',621,,8488,7,,,1,30,,8501,7,,,1,70,,8489,7,,,1,30,,8502,7,,,1,70,,8490,7,,,1,30,,8503,7,,,1,70,,8491,7,,,1,30,,8504,7,,,1,70,,8492,7,,,1,30,,8505,7,,,1,70,,8493,7,,,1,30,,8506,7,,,1,70,,8494,7,,,1,30,,8507,7,,,1,70,,8495,7,,,1,30,,8508,7,,,1,70,,8496,7,,,1,30,,8509,7,,,1,70,,8497,7,,,1,30,,8510,7,,,1,70,,8498,7,,,1,30,,8511,7,,,1,70,,8499,7,,,1,30,,8512,7,,,1,70,,8500,7,,,1,30,,8513,7,,,1
45100,'Weekday-10',548,,8594,1,,,1,70,,8568,3,,,1,30,,8581,3,,,1,70,,8569,3,,,1,30,,8582,3,,,1,70,,8570,3,,,1,30,,8583,3,,,1,70,,8571,3,,,1,30,,8584,3,,,1,70,,8572,3,,,1,30,,8585,3,,,1,70,,8573,3,,,1,30,,8586,3,,,1,70,,8574,3,,,1,30,,8587,3,,,1,70,,8575,3,,,1,30,,8588,3,,,1,70,,8576,3,,,1,30,,8589,3,,,1,70,,8577,3,,,1,30,,8590,3,,,1,70,,8578,3,,,1,30,,8591,3,,,1,70,,8579,3,,,1,30,,8592,3,,,1,70,,8580,3,,,1,30,,8593,3,0,12,1
45100,'Weekday-11',548,,9509,1,,,1,70,,9483,3,,,1,30,,9496,3,,,1,70,,9484,3,,,1,30,,9497,3,,,1,70,,9485,3,,,1,30,,9498,3,,,1,70,,9486,3,,,1,30,,9499,3,,,1,70,,9487,3,,,1,30,,9500,3,,,1,70,,9488,3,,,1,30,,9501,3,,,1,70,,9489,3,,,1,30,,9502,3,,,1,70,,9490,3,,,1,30,,9503,3,,,1,70,,9491,3,,,1,30,,9504,3,,,1,70,,9492,3,,,1,30,,9505,3,,,1,70,,9493,3,,,1,30,,9506,3,,,1,70,,9494,3,,,1,30,,9507,3,,,1,70,,9495,3,,,1,30,,9508,3,0,12,1
45100,'Weekday-14',548,,8621,1,,,1,70,,8595,3,,,1,30,,8608,3,,,1,70,,8596,3,,,1,30,,8609,3,,,1,70,,8597,3,,,1,30,,8610,3,,,1,70,,8598,3,,,1,30,,8611,3,,,1,70,,8599,3,,,1,30,,8612,3,,,1,70,,8600,3,,,1,30,,8613,3,,,1,70,,8601,3,,,1,30,,8614,3,,,1,70,,8602,3,,,1,30,,8615,3,,,1,70,,8603,3,,,1,30,,8616,3,,,1,70,,8604,3,,,1,30,,8617,3,,,1,70,,8605,3,,,1,30,,8618,3,,,1,70,,8606,3,,,1,30,,8619,3,,,1,70,,8607,3,,,1,30,,8620,3,0,12,1
19044200,'Weekday-10',1535,,8748,6,,,1
19044200,'Weekday-14',1435,,8749,6,,,1
19045100,'Weekday-10',1527,,8752,3,,,1
19045100,'Weekday-14',1427,,8753,3,,,1
