44201,'Weekday-10',606,,8324,8,0,14,1,30,,8303,8,0,14,1,70,,8311,8,0,14,1,30,,8304,8,0,14,1,70,,8312,8,0,14,1,30,,8305,8,0,14,1,70,,8313,8,0,14,1,30,,8306,8,0,14,1,70,,8314,8,0,14,1,30,,8307,8,0,14,1,70,,8315,8,0,14,1,30,,8308,8,0,14,1,70,,8316,8,0,14,1,30,,8309,8,0,14,1,70,,8317,8,0,14,1,30,,8301,8,0,14,1,70,,8318,8,0,14,1,30,,8302,8,0,14,1,70,,8319,8,0,14,1,30,,8310,8,0,14,1,70,,8320,8,0,14,1,30,,8298,8,0,14,1,70,,8321,8,0,14,1,30,,8299,8,0,14,1,70,,8322,8,0,14,1,30,,8300,8,0,14,1,70,,8323,8,0,14,1
44201,'Weekday-11',606,,9374,8,0,14,1,30,,9353,8,0,14,1,70,,9361,8,0,14,1,30,,9354,8,0,14,1,70,,9362,8,0,14,1,30,,9355,8,0,14,1,70,,9363,8,0,14,1,30,,9356,8,0,14,1,70,,9364,8,0,14,1,30,,9357,8,0,14,1,70,,9365,8,0,14,1,30,,9358,8,0,14,1,70,,9366,8,0,14,1,30,,9359,8,0,14,1,70,,9367,8,0,14,1,30,,9351,8,0,14,1,70,,9368,8,0,14,1,30,,9352,8,0,14,1,70,,9369,8,0,14,1,30,,9360,8,0,14,1,70,,9370,8,0,14,1,30,,9348,8,0,14,1,70,,9371,8,0,14,1,30,,9349,8,0,14,1,70,,9372,8,0,14,1,30,,9350,8,0,14,1,70,,9373,8,0,14,1
44201,'Weekday-14',606,,8351,8,0,14,1,30,,8330,8,0,14,1,70,,8338,8,0,14,1,30,,8331,8,0,14,1,70,,8339,8,0,14,1,30,,8332,8,0,14,1,70,,8340,8,0,14,1,30,,8333,8,0,14,1,70,,8341,8,0,14,1,30,,8334,8,0,14,1,70,,8342,8,0,14,1,30,,8335,8,0,14,1,70,,8343,8,0,14,1,30,,8336,8,0,14,1,70,,8344,8,0,14,1,30,,8328,8,0,14,1,70,,8345,8,0,14,1,30,,8329,8,0,14,1,70,,8346,8,0,14,1,30,,8337,8,0,14,1,70,,8347,8,0,14,1,30,,8325,8,0,14,1,70,,8348,8,0,14,1,30,,8326,8,0,14,1,70,,8349,8,0,14,1,30,,8327,8,0,14,1,70,,8350,8,0,14,1
44301,'Weekday-10',606,,8419,27,,,1,30,,8420,29,,,1,70,,8406,29,,,1,30,,8421,29,,,1,70,,8407,29,,,1,30,,8422,29,,,1,70,,8408,29,,,1,30,,8423,29,,,1,70,,8409,29,,,1,30,,8424,29,,,1,70,,8410,29,,,1,30,,8425,29,,,1,70,,8411,29,,,1,30,,8426,29,,,1,70,,8412,29,,,1,30,,8427,29,,,1,70,,8413,29,,,1,30,,8428,29,,,1,70,,8414,29,,,1,30,,8429,29,,,1,70,,8415,29,,,1,30,,8430,29,,,1,70,,8416,29,,,1,30,,8431,29,,,1,70,,8417,29,,,1,30,,8432,29,,,1,70,,8418,29,,,1
44301,'Weekday-11',606,,9415,27,,,1,30,,9416,29,,,1,70,,9402,29,,,1,30,,9417,29,,,1,70,,9403,29,,,1,30,,9418,29,,,1,70,,9404,29,,,1,30,,9419,29,,,1,70,,9405,29,,,1,30,,9420,29,,,1,70,,9406,29,,,1,30,,9421,29,,,1,70,,9407,29,,,1,30,,9422,29,,,1,70,,9408,29,,,1,30,,9423,29,,,1,70,,9409,29,,,1,30,,9424,29,,,1,70,,9410,29,,,1,30,,9425,29,,,1,70,,9411,29,,,1,30,,9426,29,,,1,70,,9412,29,,,1,30,,9427,29,,,1,70,,9413,29,,,1,30,,9428,29,,,1,70,,9414,29,,,1
44301,'Weekday-14',606,,8446,27,,,1,30,,8447,29,,,1,70,,8433,29,,,1,30,,8448,29,,,1,70,,8434,29,,,1,30,,8449,29,,,1,70,,8435,29,,,1,30,,8450,29,,,1,70,,8436,29,,,1,30,,8451,29,,,1,70,,8437,29,,,1,30,,8452,29,,,1,70,,8438,29,,,1,30,,8453,29,,,1,70,,8439,29,,,1,30,,8454,29,,,1,70,,8440,29,,,1,30,,8455,29,,,1,70,,8441,29,,,1,30,,8456,29,,,1,70,,8442,29,,,1,30,,8457,29,,,1,70,,8443,29,,,1,30,,8458,29,,,1,70,,8444,29,,,1,30,,8459,29,,,1,70,,8445,29,,,1
45001,'Weekday-10',604,,8526,8,,,1,30,,8514,8,,,1,70,,8528,8,,,1,30,,8515,8,,,1,70,,8529,8,,,1,30,,8516,8,,,1,70,,8530,8,,,1,30,,8517,8,,,1,70,,8531,8,,,1,30,,8527,8,,,1,70,,8532,8,,,1,30,,8518,8,,,1,70,,8533,8,,,1,30,,8519,8,,,1,70,,8534,8,,,1,30,,8520,8,,,1,70,,8535,8,,,1,30,,8521,8,,,1,70,,8536,8,,,1,30,,8522,8,,,1,70,,8537,8,,,1,30,,8523,8,,,1,70,,8538,8,,,1,30,,8524,8,,,1,70,,8539,8,,,1,30,,8525,8,,,1,70,,8540,8,,,1
45001,'Weekday-11',604,,9468,8,,,1,30,,9456,8,,,1,70,,9470,8,,,1,30,,9457,8,,,1,70,,9471,8,,,1,30,,9458,8,,,1,70,,9472,8,,,1,30,,9459,8,,,1,70,,9473,8,,,1,30,,9469,8,,,1,70,,9474,8,,,1,30,,9460,8,,,1,70,,9475,8,,,1,30,,9461,8,,,1,70,,9476,8,,,1,30,,9462,8,,,1,70,,9477,8,,,1,30,,9463,8,,,1,70,,9478,8,,,1,30,,9464,8,,,1,70,,9479,8,,,1,30,,9465,8,,,1,70,,9480,8,,,1,30,,9466,8,,,1,70,,9481,8,,,1,30,,9467,8,,,1,70,,9482,8,,,1
45001,'Weekday-14',604,,8553,8,,,1,30,,8541,8,,,1,70,,8555,8,,,1,30,,8542,8,,,1,70,,8556,8,,,1,30,,8543,8,,,1,70,,8557,8,,,1,30,,8544,8,,,1,70,,8558,8,,,1,30,,8554,8,,,1,70,,8559,8,,,1,30,,8545,8,,,1,70,,8560,8,,,1,30,,8546,8,,,1,70,,8561,8,,,1,30,,8547,8,,,1,70,,8562,8,,,1,30,,8548,8,,,1,70,,8563,8,,,1,30,,8549,8,,,1,70,,8564,8,,,1,30,,8550,8,,,1,70,,8565,8,,,1,30,,8551,8,,,1,70,,8566,8,,,1,30,,8552,8,,,1,70,,8567,8,,,1
45101,'Weekday-10',607,,8635,21,,,1,30,,8636,24,,,1,70,,8622,24,,,1,30,,8637,24,,,1,70,,8623,24,,,1,30,,8638,24,,,1,70,,8624,24,,,1,30,,8639,24,,,1,70,,8625,24,,,1,30,,8640,24,,,1,70,,8626,24,,,1,30,,8641,24,,,1,70,,8627,24,,,1,30,,8642,24,,,1,70,,8628,24,,,1,30,,8643,24,,,1,70,,8629,24,,,1,30,,8644,24,,,1,70,,8630,24,,,1,30,,8645,24,,,1,70,,8631,24,,,1,30,,8646,24,,,1,70,,8632,24,,,1,30,,8647,24,,,1,70,,8633,24,,,1,30,,8648,24,,,1,70,,8634,24,,,1
45101,'Weekday-11',607,,9523,21,,,1,30,,9524,24,,,1,70,,9510,24,,,1,30,,9525,24,,,1,70,,9511,24,,,1,30,,9526,24,,,1,70,,9512,24,,,1,30,,9527,24,,,1,70,,9513,24,,,1,30,,9528,24,,,1,70,,9514,24,,,1,30,,9529,24,,,1,70,,9515,24,,,1,30,,9530,24,,,1,70,,9516,24,,,1,30,,9531,24,,,1,70,,9517,24,,,1,30,,9532,24,,,1,70,,9518,24,,,1,30,,9533,24,,,1,70,,9519,24,,,1,30,,9534,24,,,1,70,,9520,24,,,1,30,,9535,24,,,1,70,,9521,24,,,1,30,,9536,24,,,1,70,,9522,24,,,1
45101,'Weekday-14',607,,8662,21,,,1,30,,8663,24,,,1,70,,8649,24,,,1,30,,8664,24,,,1,70,,8650,24,,,1,30,,8665,24,,,1,70,,8651,24,,,1,30,,8666,24,,,1,70,,8652,24,,,1,30,,8667,24,,,1,70,,8653,24,,,1,30,,8668,24,,,1,70,,8654,24,,,1,30,,8669,24,,,1,70,,8655,24,,,1,30,,8670,24,,,1,70,,8656,24,,,1,30,,8671,24,,,1,70,,8657,24,,,1,30,,8672,24,,,1,70,,8658,24,,,1,30,,8673,24,,,1,70,,8659,24,,,1,30,,8674,24,,,1,70,,8660,24,,,1,30,,8675,24,,,1,70,,8661,24,,,1
