40100,'Weekday-10',612,,7024,9,4,,1,30,,7019,9,4,,1,70,,7025,9,4,,1,30,,7020,9,4,,1,70,,7026,9,4,,1,30,,7021,9,4,,1,70,,7027,9,4,,1,30,,7022,9,4,,1,100,,7023,9,4,,1,100,,7018,9,4,,1,100,,7031,9,4,,1,100,,7032,9,4,,1,100,,7033,9,4,,1,100,,7034,9,4,,1,70,,7028,9,4,,1,30,,7036,9,4,,1,70,,7030,9,4,,1,30,,7029,9,4,,1,70,,7038,9,4,,1,30,,7035,9,4,,1,70,,7037,9,4,,1
40100,'Weekday-11',612,,8754,9,4,,1,30,,8759,9,4,,1,70,,8755,9,4,,1,30,,8760,9,4,,1,70,,8756,9,4,,1,30,,8761,9,4,,1,70,,8757,9,4,,1,30,,8762,9,4,,1,100,,8763,9,4,,1,100,,8758,9,4,,1,100,,8765,9,4,,1,100,,8766,9,4,,1,100,,8767,9,4,,1,100,,8768,9,4,,1,70,,8773,9,4,,1,30,,8770,9,4,,1,70,,8764,9,4,,1,30,,8774,9,4,,1,70,,8772,9,4,,1,30,,8769,9,4,,1,70,,8771,9,4,,1
40100,'Weekday-14',612,,7054,9,4,,1,30,,7049,9,4,,1,70,,7055,9,4,,1,30,,7050,9,4,,1,70,,7056,9,4,,1,30,,7051,9,4,,1,70,,7057,9,4,,1,30,,7052,9,4,,1,100,,7053,9,4,,1,100,,7048,9,4,,1,100,,7040,9,4,,1,100,,7041,9,4,,1,100,,7042,9,4,,1,100,,7043,9,4,,1,70,,7058,9,4,,1,30,,7045,9,4,,1,70,,7039,9,4,,1,30,,7059,9,4,,1,70,,7047,9,4,,1,30,,7044,9,4,,1,70,,7046,9,4,,1
40101,'Weekday-10',612,,7066,1,,,1,30,,7060,1,,,1,70,,7067,1,,,1,30,,7061,1,,,1,70,,7068,1,,,1,30,,7062,1,,,1,70,,7069,1,,,1,30,,7063,1,,,1,100,,7064,1,,,1,100,,7065,1,,,1,100,,7073,1,,,1,100,,7074,1,,,1,100,,7071,1,,,1,95,,7077,1,,,1,68,,7072,1,,,1,30,,7070,1,,,1,70,,7078,1,,,1,35,,7075,1,,,1,72,,7079,1,,,1,30,,7076,1,,,1,70,,7080,1,,,1
40101,'Weekday-11',612,,8775,1,,,1,30,,8779,1,,,1,70,,8776,1,,,1,30,,8780,1,,,1,70,,8777,1,,,1,30,,8781,1,,,1,70,,8778,1,,,1,30,,8782,1,,,1,100,,8783,1,,,1,100,,8784,1,,,1,100,,8787,1,,,1,100,,8788,1,,,1,100,,8785,1,,,1,95,,8791,1,,,1,68,,8786,1,,,1,30,,8795,1,,,1,70,,8792,1,,,1,35,,8789,1,,,1,72,,8793,1,,,1,30,,8790,1,,,1,70,,8794,1,,,1
40101,'Weekday-14',612,,7097,1,,,1,30,,7091,1,,,1,70,,7098,1,,,1,30,,7092,1,,,1,70,,7099,1,,,1,30,,7093,1,,,1,70,,7100,1,,,1,30,,7094,1,,,1,100,,7095,1,,,1,100,,7096,1,,,1,100,,7083,1,,,1,100,,7084,1,,,1,100,,7081,1,,,1,95,,7087,1,,,1,68,,7082,1,,,1,30,,7101,1,,,1,70,,7088,1,,,1,35,,7085,1,,,1,72,,7089,1,,,1,30,,7086,1,,,1,70,,7090,1,,,1
41100,'Saturday-5',743,,7200,13,4,,1,100,,7201,13,4,,1,100,,7202,13,4,,1,100,,7203,13,4,,1,100,,7204,13,4,,1,100,,7205,13,4,,1,100,,7206,13,4,,1,100,,7207,13,4,,1,100,,7208,13,4,,1,100,,7209,13,4,,1,100,,7210,13,4,,1,100,,7211,13,4,,1,100,,7212,13,4,,1,100,,7213,13,4,,1,100,,7214,13,4,,1,100,,7215,13,4,,1,100,,7216,13,4,,1
41100,'Saturday-7',743,,7227,13,4,,1,100,,7228,13,4,,1,100,,7229,13,4,,1,100,,7230,13,4,,1,100,,7231,13,4,,1,100,,7232,13,4,,1,100,,7233,13,4,,1,100,,7217,13,4,,1,100,,7218,13,4,,1,100,,7219,13,4,,1,100,,7220,13,4,,1,100,,7221,13,4,,1,100,,7222,13,4,,1,100,,7223,13,4,,1,100,,7224,13,4,,1,100,,7225,13,4,,1,100,,7226,13,4,,1
41100,'Sunday-3',843,,7234,13,4,,1,100,,7235,13,4,,1,100,,7236,13,4,,1,100,,7237,13,4,,1,100,,7238,13,4,,1,100,,7239,13,4,,1,100,,7240,13,4,,1,100,,7241,13,4,,1,100,,7242,13,4,,1,100,,7243,13,4,,1,100,,7244,13,4,,1,100,,7245,13,4,,1
41100,'Weekday-10',606,,7282,13,4,,1,25,,7255,13,4,,1,15,,7252,13,4,,1,55,,7256,13,4,,1,15,,7274,13,4,,1,15,,7250,13,4,,1,15,,7246,13,4,,1,55,,7253,13,4,,1,15,,7257,13,4,,1,15,,7275,13,4,,1,15,,7251,13,4,,1,55,,7247,13,4,,1,15,,7254,13,4,,1,10,,7276,13,4,,1,17,,7258,13,4,,1,70,,7248,13,4,,1,30,,7277,13,4,,1,70,,7259,13,4,,1,30,,7249,13,4,,1,70,,7278,13,4,,1,30,,7260,13,4,,1,70,,7283,13,4,,1,30,,7279,13,4,,1,70,,7261,13,4,,1,30,,7284,13,4,,1,70,,7280,13,4,,1,32,,7262,13,4,,1,70,,7285,13,4,,1,30,,7265,13,4,,1,55,,7263,13,4,,1,15,,7287,13,4,,1,15,,7286,13,4,,1,15,,7281,13,4,,1,55,,7266,13,4,,1,15,,7264,13,4,,1,28,,7268,13,4,,1,70,,7267,13,4,,1,30,,7269,13,4,,1,100,,7270,13,4,,1,100,,7271,13,4,,1,100,,7272,13,4,,1,100,,7273,13,4,,1
41100,'Weekday-11',606,,8853,13,4,,1,25,,8859,13,4,,1,15,,8854,13,4,,1,55,,8860,13,4,,1,15,,8845,13,4,,1,15,,8857,13,4,,1,15,,8869,13,4,,1,55,,8855,13,4,,1,15,,8861,13,4,,1,15,,8846,13,4,,1,15,,8858,13,4,,1,55,,8870,13,4,,1,15,,8856,13,4,,1,10,,8847,13,4,,1,17,,8862,13,4,,1,70,,8871,13,4,,1,30,,8848,13,4,,1,70,,8863,13,4,,1,30,,8872,13,4,,1,70,,8849,13,4,,1,30,,8864,13,4,,1,70,,8873,13,4,,1,30,,8850,13,4,,1,70,,8865,13,4,,1,30,,8874,13,4,,1,70,,8851,13,4,,1,32,,8866,13,4,,1,70,,8875,13,4,,1,30,,8884,13,4,,1,55,,8867,13,4,,1,15,,8877,13,4,,1,15,,8876,13,4,,1,15,,8852,13,4,,1,55,,8885,13,4,,1,15,,8868,13,4,,1,28,,8878,13,4,,1,70,,8886,13,4,,1,30,,8879,13,4,,1,100,,8880,13,4,,1,100,,8881,13,4,,1,100,,8882,13,4,,1,100,,8883,13,4,,1
41100,'Weekday-14',606,,7300,13,4,,1,25,,7306,13,4,,1,15,,7303,13,4,,1,55,,7307,13,4,,1,15,,7292,13,4,,1,15,,7301,13,4,,1,15,,7288,13,4,,1,55,,7304,13,4,,1,15,,7308,13,4,,1,15,,7293,13,4,,1,15,,7302,13,4,,1,55,,7289,13,4,,1,15,,7305,13,4,,1,10,,7294,13,4,,1,17,,7309,13,4,,1,70,,7290,13,4,,1,30,,7295,13,4,,1,70,,7310,13,4,,1,30,,7291,13,4,,1,70,,7296,13,4,,1,30,,7311,13,4,,1,70,,7317,13,4,,1,30,,7297,13,4,,1,70,,7312,13,4,,1,30,,7318,13,4,,1,70,,7298,13,4,,1,32,,7313,13,4,,1,70,,7319,13,4,,1,30,,7321,13,4,,1,55,,7314,13,4,,1,15,,7316,13,4,,1,15,,7320,13,4,,1,15,,7299,13,4,,1,55,,7322,13,4,,1,15,,7315,13,4,,1,28,,7324,13,4,,1,70,,7323,13,4,,1,30,,7325,13,4,,1,100,,7326,13,4,,1,100,,7327,13,4,,1,100,,7328,13,4,,1,100,,7329,13,4,,1
41101,'Saturday-5',743,,7330,1,,,1,100,,7331,1,,,1,100,,7332,1,,,1,100,,7333,1,,,1,100,,7334,1,,,1,100,,7335,1,,,1,100,,7336,1,,,1,100,,7337,1,,,1,100,,7338,1,,,1,100,,7339,1,,,1,100,,7340,1,,,1,100,,7341,1,,,1,100,,7342,1,,,1,100,,7343,1,,,1,100,,7344,1,,,1,100,,7345,1,,,1,100,,7346,1,,,1
41101,'Saturday-7',743,,7357,1,,,1,100,,7358,1,,,1,100,,7359,1,,,1,100,,7360,1,,,1,100,,7361,1,,,1,100,,7362,1,,,1,100,,7363,1,,,1,100,,7347,1,,,1,100,,7348,1,,,1,100,,7349,1,,,1,100,,7350,1,,,1,100,,7351,1,,,1,100,,7352,1,,,1,100,,7353,1,,,1,100,,7354,1,,,1,100,,7355,1,,,1,100,,7356,1,,,1
41101,'Sunday-3',843,,7364,1,,,1,100,,7365,1,,,1,100,,7366,1,,,1,100,,7367,1,,,1,100,,7368,1,,,1,100,,7369,1,,,1,100,,7370,1,,,1,100,,7371,1,,,1,100,,7372,1,,,1,100,,7373,1,,,1,100,,7374,1,,,1,100,,7375,1,,,1
41101,'Weekday-10',606,,7407,1,,,1,31,,7382,1,,,1,15,,7380,1,,,1,55,,7383,1,,,1,15,,7400,1,,,1,15,,7379,1,,,1,15,,7376,1,,,1,55,,7381,1,,,1,30,,7384,1,,,1,70,,7377,1,,,1,30,,7401,1,,,1,70,,7385,1,,,1,31,,7378,1,,,1,70,,7402,1,,,1,30,,7386,1,,,1,70,,7408,1,,,1,30,,7403,1,,,1,70,,7387,1,,,1,30,,7409,1,,,1,67,,7404,1,,,1,30,,7388,1,,,1,70,,7410,1,,,1,13,,7405,1,,,1,15,,7391,1,,,1,12,,7389,1,,,1,55,,7413,1,,,1,15,,7411,1,,,1,15,,7406,1,,,1,15,,7392,1,,,1,55,,7390,1,,,1,15,,7414,1,,,1,15,,7412,1,,,1,78,,7393,1,,,1,35,,7395,1,,,1,100,,7396,1,,,1,100,,7397,1,,,1,100,,7398,1,,,1,100,,7399,1,,,1,100,,7394,1,,,1
41101,'Weekday-11',606,,8894,1,,,1,31,,8898,1,,,1,15,,8895,1,,,1,55,,8899,1,,,1,15,,8887,1,,,1,15,,8897,1,,,1,15,,8907,1,,,1,55,,8896,1,,,1,30,,8900,1,,,1,70,,8908,1,,,1,30,,8888,1,,,1,70,,8901,1,,,1,31,,8909,1,,,1,70,,8889,1,,,1,30,,8902,1,,,1,70,,8910,1,,,1,30,,8890,1,,,1,70,,8903,1,,,1,30,,8911,1,,,1,67,,8891,1,,,1,30,,8904,1,,,1,70,,8912,1,,,1,13,,8892,1,,,1,15,,8923,1,,,1,12,,8905,1,,,1,55,,8915,1,,,1,15,,8913,1,,,1,15,,8893,1,,,1,15,,8924,1,,,1,55,,8906,1,,,1,15,,8916,1,,,1,15,,8914,1,,,1,78,,8925,1,,,1,35,,8918,1,,,1,100,,8919,1,,,1,100,,8920,1,,,1,100,,8921,1,,,1,100,,8922,1,,,1,100,,8917,1,,,1
41101,'Weekday-14',606,,7425,1,,,1,31,,7429,1,,,1,15,,7427,1,,,1,55,,7430,1,,,1,15,,7418,1,,,1,15,,7426,1,,,1,15,,7415,1,,,1,55,,7428,1,,,1,30,,7431,1,,,1,70,,7416,1,,,1,30,,7419,1,,,1,70,,7432,1,,,1,31,,7417,1,,,1,70,,7420,1,,,1,30,,7433,1,,,1,70,,7440,1,,,1,30,,7421,1,,,1,70,,7434,1,,,1,30,,7441,1,,,1,67,,7422,1,,,1,30,,7435,1,,,1,70,,7442,1,,,1,13,,7423,1,,,1,15,,7445,1,,,1,12,,7436,1,,,1,55,,7438,1,,,1,15,,7443,1,,,1,15,,7424,1,,,1,15,,7446,1,,,1,55,,7437,1,,,1,15,,7439,1,,,1,15,,7444,1,,,1,78,,7447,1,,,1,35,,7449,1,,,1,100,,7450,1,,,1,100,,7451,1,,,1,100,,7452,1,,,1,100,,7453,1,,,1,100,,7448,1,,,1
