43000,'Weekday-10',631,,7774,4,,,1,70,,7775,4,,,1,30,,7776,4,,,1,70,,7777,4,,,1,30,,7778,4,,,1,70,,7779,4,,,1,30,,7780,4,,,1,70,,7781,4,,,1,30,,7782,4,,,1,70,,7783,4,,,1,30,,7784,4,,,1,70,,7785,4,,,1,30,,7760,4,,,1,70,,7761,4,,,1,30,,7762,4,,,1,70,,7763,4,,,1,30,,7764,4,,,1,70,,7765,4,,,1,30,,7766,4,,,1,70,,7767,4,,,1,30,,7768,4,,,1,70,,7769,4,,,1,30,,7770,4,,,1,70,,7771,4,,,1,30,,7772,4,,,1
43000,'Weekday-14',631,,7800,4,,,1,70,,7801,4,,,1,30,,7802,4,,,1,70,,7803,4,,,1,30,,7804,4,,,1,70,,7805,4,,,1,30,,7806,4,,,1,70,,7807,4,,,1,30,,7808,4,,,1,70,,7809,4,,,1,30,,7810,4,,,1,70,,7811,4,,,1,30,,7786,4,,,1,70,,7787,4,,,1,30,,7788,4,,,1,70,,7789,4,,,1,30,,7790,4,,,1,70,,7791,4,,,1,30,,7792,4,,,1,70,,7793,4,,,1,30,,7794,4,,,1,70,,7795,4,,,1,30,,7796,4,,,1,70,,7797,4,,,1,30,,7798,4,,,1
43100,'Weekday-10',616,,7812,4,,,1,30,,7813,4,,,1,70,,7814,4,,,1,30,,7815,4,,,1,70,,7816,4,,,1,30,,7817,4,,,1,70,,7818,4,,,1,30,,7819,4,,,1,70,,7820,4,,,1,30,,7821,4,,,1,70,,7822,4,,,1,30,,7823,4,,,1,70,,7824,4,,,1,30,,7825,4,,,1,70,,7826,4,,,1,30,,7827,4,,,1,70,,7828,4,,,1,30,,7829,4,,,1,70,,7830,4,,,1,30,,7831,4,,,1,70,,7832,4,,,1,30,,7833,4,,,1,70,,7834,4,,,1,30,,7835,4,,,1,70,,7836,4,,,1,30,,7837,4,,,1
43100,'Weekday-14',616,,7839,4,,,1,30,,7840,4,,,1,70,,7841,4,,,1,30,,7842,4,,,1,70,,7843,4,,,1,30,,7844,4,,,1,70,,7845,4,,,1,30,,7846,4,,,1,70,,7847,4,,,1,30,,7848,4,,,1,70,,7849,4,,,1,30,,7850,4,,,1,70,,7851,4,,,1,30,,7852,4,,,1,70,,7853,4,,,1,30,,7854,4,,,1,70,,7855,4,,,1,30,,7856,4,,,1,70,,7857,4,,,1,30,,7858,4,,,1,70,,7859,4,,,1,30,,7860,4,,,1,70,,7861,4,,,1,30,,7862,4,,,1,70,,7863,4,,,1,30,,7864,4,,,1
43300,'Weekday-10',616,,7974,4,,,1,30,,7988,4,,,1,70,,7975,4,,,1,30,,7989,4,,,1,70,,7976,4,,,1,30,,7990,4,,,1,70,,7977,4,,,1,30,,7991,4,,,1,70,,7978,4,,,1,30,,7992,4,,,1,70,,7979,4,,,1,30,,7993,4,,,1,70,,7980,4,,,1,30,,7994,4,,,1,70,,7981,4,,,1,30,,7995,4,,,1,70,,7982,4,,,1,30,,7996,4,,,1,70,,7983,4,,,1,30,,7997,4,,,1,70,,7984,4,,,1,30,,7998,4,,,1,70,,7985,4,,,1,30,,7999,4,,,1,70,,7986,4,,,1,30,,7987,4,,,1
43300,'Weekday-14',616,,8001,4,,,1,30,,8015,4,,,1,70,,8002,4,,,1,30,,8016,4,,,1,70,,8003,4,,,1,30,,8017,4,,,1,70,,8004,4,,,1,30,,8018,4,,,1,70,,8005,4,,,1,30,,8019,4,,,1,70,,8006,4,,,1,30,,8020,4,,,1,70,,8007,4,,,1,30,,8021,4,,,1,70,,8008,4,,,1,30,,8022,4,,,1,70,,8009,4,,,1,30,,8023,4,,,1,70,,8010,4,,,1,30,,8024,4,,,1,70,,8011,4,,,1,30,,8025,4,,,1,70,,8012,4,,,1,30,,8026,4,,,1,70,,8013,4,,,1,30,,8014,4,,,1
45000,'Weekday-10',616,,8461,4,,,1,30,,8474,4,,,1,70,,8462,4,,,1,30,,8475,4,,,1,70,,8463,4,,,1,30,,8476,4,,,1,70,,8464,4,,,1,30,,8477,4,,,1,70,,8465,4,,,1,30,,8478,4,,,1,70,,8466,4,,,1,30,,8479,4,,,1,70,,8467,4,,,1,30,,8480,4,,,1,70,,8468,4,,,1,30,,8481,4,,,1,70,,8469,4,,,1,30,,8482,4,,,1,70,,8470,4,,,1,30,,8483,4,,,1,70,,8471,4,,,1,30,,8484,4,,,1,70,,8472,4,,,1,30,,8485,4,,,1,70,,8473,4,,,1,30,,8486,4,,,1
45000,'Weekday-14',616,,8488,4,,,1,30,,8501,4,,,1,70,,8489,4,,,1,30,,8502,4,,,1,70,,8490,4,,,1,30,,8503,4,,,1,70,,8491,4,,,1,30,,8504,4,,,1,70,,8492,4,,,1,30,,8505,4,,,1,70,,8493,4,,,1,30,,8506,4,,,1,70,,8494,4,,,1,30,,8507,4,,,1,70,,8495,4,,,1,30,,8508,4,,,1,70,,8496,4,,,1,30,,8509,4,,,1,70,,8497,4,,,1,30,,8510,4,,,1,70,,8498,4,,,1,30,,8511,4,,,1,70,,8499,4,,,1,30,,8512,4,,,1,70,,8500,4,,,1,30,,8513,4,,,1
19043000,'Weekday-10',818,,8733,4,,,1
19043000,'Weekday-14',818,,8735,4,,,1
