43000,'Weekday-10',631,,7774,3,,,1,70,,7775,3,,,1,30,,7776,3,,,1,70,,7777,3,,,1,30,,7778,3,,,1,70,,7779,3,,,1,30,,7780,3,,,1,70,,7781,3,,,1,30,,7782,3,,,1,70,,7783,3,,,1,30,,7784,3,,,1,70,,7785,3,,,1,30,,7760,3,,,1,70,,7761,3,,,1,30,,7762,3,,,1,70,,7763,3,,,1,30,,7764,3,,,1,70,,7765,3,,,1,30,,7766,3,,,1,70,,7767,3,,,1,30,,7768,3,,,1,70,,7769,3,,,1,30,,7770,3,,,1,70,,7771,3,,,1,30,,7772,3,,,1
43000,'Weekday-11',631,,9093,3,,,1,70,,9094,3,,,1,30,,9095,3,,,1,70,,9096,3,,,1,30,,9097,3,,,1,70,,9098,3,,,1,30,,9099,3,,,1,70,,9100,3,,,1,30,,9101,3,,,1,70,,9102,3,,,1,30,,9103,3,,,1,70,,9104,3,,,1,30,,9079,3,,,1,70,,9080,3,,,1,30,,9081,3,,,1,70,,9082,3,,,1,30,,9083,3,,,1,70,,9084,3,,,1,30,,9085,3,,,1,70,,9086,3,,,1,30,,9087,3,,,1,70,,9088,3,,,1,30,,9089,3,,,1,70,,9090,3,,,1,30,,9091,3,,,1
43000,'Weekday-14',631,,7800,3,,,1,70,,7801,3,,,1,30,,7802,3,,,1,70,,7803,3,,,1,30,,7804,3,,,1,70,,7805,3,,,1,30,,7806,3,,,1,70,,7807,3,,,1,30,,7808,3,,,1,70,,7809,3,,,1,30,,7810,3,,,1,70,,7811,3,,,1,30,,7786,3,,,1,70,,7787,3,,,1,30,,7788,3,,,1,70,,7789,3,,,1,30,,7790,3,,,1,70,,7791,3,,,1,30,,7792,3,,,1,70,,7793,3,,,1,30,,7794,3,,,1,70,,7795,3,,,1,30,,7796,3,,,1,70,,7797,3,,,1,30,,7798,3,,,1
43100,'Weekday-10',616,,7812,3,,,1,30,,7813,3,,,1,70,,7814,3,,,1,30,,7815,3,,,1,70,,7816,3,,,1,30,,7817,3,,,1,70,,7818,3,,,1,30,,7819,3,,,1,70,,7820,3,,,1,30,,7821,3,,,1,70,,7822,3,,,1,30,,7823,3,,,1,70,,7824,3,,,1,30,,7825,3,,,1,70,,7826,3,,,1,30,,7827,3,,,1,70,,7828,3,,,1,30,,7829,3,,,1,70,,7830,3,,,1,30,,7831,3,,,1,70,,7832,3,,,1,30,,7833,3,,,1,70,,7834,3,,,1,30,,7835,3,,,1,70,,7836,3,,,1,30,,7837,3,,,1
43100,'Weekday-11',616,,9105,3,,,1,30,,9106,3,,,1,70,,9107,3,,,1,30,,9108,3,,,1,70,,9109,3,,,1,30,,9110,3,,,1,70,,9111,3,,,1,30,,9112,3,,,1,70,,9113,3,,,1,30,,9114,3,,,1,70,,9115,3,,,1,30,,9116,3,,,1,70,,9117,3,,,1,30,,9118,3,,,1,70,,9119,3,,,1,30,,9120,3,,,1,70,,9121,3,,,1,30,,9122,3,,,1,70,,9123,3,,,1,30,,9124,3,,,1,70,,9125,3,,,1,30,,9126,3,,,1,70,,9127,3,,,1,30,,9128,3,,,1,70,,9129,3,,,1,30,,9130,3,,,1
43100,'Weekday-14',616,,7839,3,,,1,30,,7840,3,,,1,70,,7841,3,,,1,30,,7842,3,,,1,70,,7843,3,,,1,30,,7844,3,,,1,70,,7845,3,,,1,30,,7846,3,,,1,70,,7847,3,,,1,30,,7848,3,,,1,70,,7849,3,,,1,30,,7850,3,,,1,70,,7851,3,,,1,30,,7852,3,,,1,70,,7853,3,,,1,30,,7854,3,,,1,70,,7855,3,,,1,30,,7856,3,,,1,70,,7857,3,,,1,30,,7858,3,,,1,70,,7859,3,,,1,30,,7860,3,,,1,70,,7861,3,,,1,30,,7862,3,,,1,70,,7863,3,,,1,30,,7864,3,,,1
43300,'Weekday-10',616,,7974,3,,,1,30,,7988,3,,,1,70,,7975,3,,,1,30,,7989,3,,,1,70,,7976,3,,,1,30,,7990,3,,,1,70,,7977,3,,,1,30,,7991,3,,,1,70,,7978,3,,,1,30,,7992,3,,,1,70,,7979,3,,,1,30,,7993,3,,,1,70,,7980,3,,,1,30,,7994,3,,,1,70,,7981,3,,,1,30,,7995,3,,,1,70,,7982,3,,,1,30,,7996,3,,,1,70,,7983,3,,,1,30,,7997,3,,,1,70,,7984,3,,,1,30,,7998,3,,,1,70,,7985,3,,,1,30,,7999,3,,,1,70,,7986,3,,,1,30,,7987,3,,,1
43300,'Weekday-11',616,,9186,3,,,1,30,,9200,3,,,1,70,,9187,3,,,1,30,,9201,3,,,1,70,,9188,3,,,1,30,,9202,3,,,1,70,,9189,3,,,1,30,,9203,3,,,1,70,,9190,3,,,1,30,,9204,3,,,1,70,,9191,3,,,1,30,,9205,3,,,1,70,,9192,3,,,1,30,,9206,3,,,1,70,,9193,3,,,1,30,,9207,3,,,1,70,,9194,3,,,1,30,,9208,3,,,1,70,,9195,3,,,1,30,,9209,3,,,1,70,,9196,3,,,1,30,,9210,3,,,1,70,,9197,3,,,1,30,,9211,3,,,1,70,,9198,3,,,1,30,,9199,3,,,1
43300,'Weekday-14',616,,8001,3,,,1,30,,8015,3,,,1,70,,8002,3,,,1,30,,8016,3,,,1,70,,8003,3,,,1,30,,8017,3,,,1,70,,8004,3,,,1,30,,8018,3,,,1,70,,8005,3,,,1,30,,8019,3,,,1,70,,8006,3,,,1,30,,8020,3,,,1,70,,8007,3,,,1,30,,8021,3,,,1,70,,8008,3,,,1,30,,8022,3,,,1,70,,8009,3,,,1,30,,8023,3,,,1,70,,8010,3,,,1,30,,8024,3,,,1,70,,8011,3,,,1,30,,8025,3,,,1,70,,8012,3,,,1,30,,8026,3,,,1,70,,8013,3,,,1,30,,8014,3,,,1
45000,'Weekday-10',616,,8461,3,,,1,30,,8474,3,,,1,70,,8462,3,,,1,30,,8475,3,,,1,70,,8463,3,,,1,30,,8476,3,,,1,70,,8464,3,,,1,30,,8477,3,,,1,70,,8465,3,,,1,30,,8478,3,,,1,70,,8466,3,,,1,30,,8479,3,,,1,70,,8467,3,,,1,30,,8480,3,,,1,70,,8468,3,,,1,30,,8481,3,,,1,70,,8469,3,,,1,30,,8482,3,,,1,70,,8470,3,,,1,30,,8483,3,,,1,70,,8471,3,,,1,30,,8484,3,,,1,70,,8472,3,,,1,30,,8485,3,,,1,70,,8473,3,,,1,30,,8486,3,,,1
45000,'Weekday-11',616,,9430,3,,,1,30,,9443,3,,,1,70,,9431,3,,,1,30,,9444,3,,,1,70,,9432,3,,,1,30,,9445,3,,,1,70,,9433,3,,,1,30,,9446,3,,,1,70,,9434,3,,,1,30,,9447,3,,,1,70,,9435,3,,,1,30,,9448,3,,,1,70,,9436,3,,,1,30,,9449,3,,,1,70,,9437,3,,,1,30,,9450,3,,,1,70,,9438,3,,,1,30,,9451,3,,,1,70,,9439,3,,,1,30,,9452,3,,,1,70,,9440,3,,,1,30,,9453,3,,,1,70,,9441,3,,,1,30,,9454,3,,,1,70,,9442,3,,,1,30,,9455,3,,,1
45000,'Weekday-14',616,,8488,3,,,1,30,,8501,3,,,1,70,,8489,3,,,1,30,,8502,3,,,1,70,,8490,3,,,1,30,,8503,3,,,1,70,,8491,3,,,1,30,,8504,3,,,1,70,,8492,3,,,1,30,,8505,3,,,1,70,,8493,3,,,1,30,,8506,3,,,1,70,,8494,3,,,1,30,,8507,3,,,1,70,,8495,3,,,1,30,,8508,3,,,1,70,,8496,3,,,1,30,,8509,3,,,1,70,,8497,3,,,1,30,,8510,3,,,1,70,,8498,3,,,1,30,,8511,3,,,1,70,,8499,3,,,1,30,,8512,3,,,1,70,,8500,3,,,1,30,,8513,3,,,1
19043000,'Weekday-10',818,,8733,3,,,1
19043000,'Weekday-14',818,,8735,3,,,1
