43000,'Weekday-10',623,,8132,21,,,1,30,,8133,32,,,1,70,,8134,32,,,1,30,,8135,32,,,1,70,,8136,32,,,1,30,,8137,32,,,1,70,,8138,32,,,1,30,,8139,32,,,1,70,,8140,32,,,1,30,,8141,32,,,1,70,,8142,32,,,1,30,,8143,32,,,1,70,,8144,32,,,1,30,,8119,32,,,1,70,,8120,32,,,1,30,,8121,32,,,1,70,,8122,32,,,1,30,,8123,32,,,1,70,,8124,32,,,1,30,,8125,32,,,1,70,,8126,32,,,1,30,,8127,32,,,1,70,,8128,32,,,1,30,,8129,32,,,1,70,,8130,32,,,1,30,,8131,32,,,1
43000,'Weekday-11',623,,8158,21,,,1,30,,8159,32,,,1,70,,8160,32,,,1,30,,8161,32,,,1,70,,8162,32,,,1,30,,8163,32,,,1,70,,8164,32,,,1,30,,8165,32,,,1,70,,8166,32,,,1,30,,8167,32,,,1,70,,8168,32,,,1,30,,8169,32,,,1,70,,8170,32,,,1,30,,8145,32,,,1,70,,8146,32,,,1,30,,8147,32,,,1,70,,8148,32,,,1,30,,8149,32,,,1,70,,8150,32,,,1,30,,8151,32,,,1,70,,8152,32,,,1,30,,8153,32,,,1,70,,8154,32,,,1,30,,8155,32,,,1,70,,8156,32,,,1,30,,8157,32,,,1
43000,'Weekday-14',623,,8184,21,,,1,30,,8185,32,,,1,70,,8186,32,,,1,30,,8187,32,,,1,70,,8188,32,,,1,30,,8189,32,,,1,70,,8190,32,,,1,30,,8191,32,,,1,70,,8192,32,,,1,30,,8193,32,,,1,70,,8194,32,,,1,30,,8195,32,,,1,70,,8196,32,,,1,30,,8171,32,,,1,70,,8172,32,,,1,30,,8173,32,,,1,70,,8174,32,,,1,30,,8175,32,,,1,70,,8176,32,,,1,30,,8177,32,,,1,70,,8178,32,,,1,30,,8179,32,,,1,70,,8180,32,,,1,30,,8181,32,,,1,70,,8182,32,,,1,30,,8183,32,,,1
43100,'Weekday-10',607,,8223,17,,,1,30,,8197,29,,,1,70,,8198,29,,,1,30,,8199,29,,,1,70,,8200,29,,,1,30,,8201,29,,,1,70,,8202,29,,,1,30,,8203,29,,,1,70,,8204,29,,,1,30,,8205,29,,,1,70,,8206,29,,,1,30,,8207,29,,,1,70,,8208,29,,,1,30,,8209,29,,,1,70,,8210,29,,,1,30,,8211,29,,,1,70,,8212,29,,,1,30,,8213,29,,,1,70,,8214,29,,,1,30,,8215,29,,,1,70,,8216,29,,,1,30,,8217,29,,,1,70,,8218,29,,,1,30,,8219,29,,,1,70,,8220,29,,,1,30,,8221,29,,,1,70,,8222,29,,,1
43100,'Weekday-11',607,,8250,17,,,1,30,,8224,29,,,1,70,,8225,29,,,1,30,,8226,29,,,1,70,,8227,29,,,1,30,,8228,29,,,1,70,,8229,29,,,1,30,,8230,29,,,1,70,,8231,29,,,1,30,,8232,29,,,1,70,,8233,29,,,1,30,,8234,29,,,1,70,,8235,29,,,1,30,,8236,29,,,1,70,,8237,29,,,1,30,,8238,29,,,1,70,,8239,29,,,1,30,,8240,29,,,1,70,,8241,29,,,1,30,,8242,29,,,1,70,,8243,29,,,1,30,,8244,29,,,1,70,,8245,29,,,1,30,,8246,29,,,1,70,,8247,29,,,1,30,,8248,29,,,1,70,,8249,29,,,1
43100,'Weekday-14',607,,8277,17,,,1,30,,8251,29,,,1,70,,8252,29,,,1,30,,8253,29,,,1,70,,8254,29,,,1,30,,8255,29,,,1,70,,8256,29,,,1,30,,8257,29,,,1,70,,8258,29,,,1,30,,8259,29,,,1,70,,8260,29,,,1,30,,8261,29,,,1,70,,8262,29,,,1,30,,8263,29,,,1,70,,8264,29,,,1,30,,8265,29,,,1,70,,8266,29,,,1,30,,8267,29,,,1,70,,8268,29,,,1,30,,8269,29,,,1,70,,8270,29,,,1,30,,8271,29,,,1,70,,8272,29,,,1,30,,8273,29,,,1,70,,8274,29,,,1,30,,8275,29,,,1,70,,8276,29,,,1
43301,'Weekday-10',608,,8538,10,,,1,30,,8521,10,,,1,70,,8545,10,,,1,30,,8522,10,,,1,70,,8546,10,,,1,30,,8523,10,,,1,70,,8541,10,,,1,30,,8524,10,,,1,70,,8537,10,,,1,30,,8525,10,,,1,70,,8540,10,,,1,30,,8526,10,,,1,70,,8542,10,,,1,30,,8527,10,,,1,70,,8539,10,,,1,30,,8528,10,,,1,70,,8536,10,,,1,30,,8529,10,,,1,70,,8544,10,,,1,30,,8530,10,,,1,70,,8535,10,,,1,30,,8531,10,,,1,70,,8543,10,,,1,30,,8532,10,,,1,70,,8534,10,,,1,30,,8533,10,,,1,70,,8547,10,,,1
43301,'Weekday-11',608,,8565,10,,,1,30,,8548,10,,,1,70,,8572,10,,,1,30,,8549,10,,,1,70,,8573,10,,,1,30,,8550,10,,,1,70,,8568,10,,,1,30,,8551,10,,,1,70,,8564,10,,,1,30,,8552,10,,,1,70,,8567,10,,,1,30,,8553,10,,,1,70,,8569,10,,,1,30,,8554,10,,,1,70,,8566,10,,,1,30,,8555,10,,,1,70,,8563,10,,,1,30,,8556,10,,,1,70,,8571,10,,,1,30,,8557,10,,,1,70,,8562,10,,,1,30,,8558,10,,,1,70,,8570,10,,,1,30,,8559,10,,,1,70,,8561,10,,,1,30,,8560,10,,,1,70,,8574,10,,,1
43301,'Weekday-14',608,,8592,10,,,1,30,,8575,10,,,1,70,,8599,10,,,1,30,,8576,10,,,1,70,,8600,10,,,1,30,,8577,10,,,1,70,,8595,10,,,1,30,,8578,10,,,1,70,,8591,10,,,1,30,,8579,10,,,1,70,,8594,10,,,1,30,,8580,10,,,1,70,,8596,10,,,1,30,,8581,10,,,1,70,,8593,10,,,1,30,,8582,10,,,1,70,,8590,10,,,1,30,,8583,10,,,1,70,,8598,10,,,1,30,,8584,10,,,1,70,,8589,10,,,1,30,,8585,10,,,1,70,,8597,10,,,1,30,,8586,10,,,1,70,,8588,10,,,1,30,,8587,10,,,1,70,,8601,10,,,1
45001,'Weekday-10',607,,9262,10,,,1,30,,9250,10,,,1,70,,9264,10,,,1,30,,9251,10,,,1,70,,9265,10,,,1,30,,9252,10,,,1,70,,9266,10,,,1,30,,9253,10,,,1,70,,9267,10,,,1,30,,9263,10,,,1,70,,9268,10,,,1,30,,9254,10,,,1,70,,9269,10,,,1,30,,9255,10,,,1,70,,9270,10,,,1,30,,9256,10,,,1,70,,9271,10,,,1,30,,9257,10,,,1,70,,9272,10,,,1,30,,9258,10,,,1,70,,9273,10,,,1,30,,9259,10,,,1,70,,9274,10,,,1,30,,9260,10,,,1,70,,9275,10,,,1,30,,9261,10,,,1,70,,9276,10,,,1
45001,'Weekday-11',607,,9289,10,,,1,30,,9277,10,,,1,70,,9291,10,,,1,30,,9278,10,,,1,70,,9292,10,,,1,30,,9279,10,,,1,70,,9293,10,,,1,30,,9280,10,,,1,70,,9294,10,,,1,30,,9290,10,,,1,70,,9295,10,,,1,30,,9281,10,,,1,70,,9296,10,,,1,30,,9282,10,,,1,70,,9297,10,,,1,30,,9283,10,,,1,70,,9298,10,,,1,30,,9284,10,,,1,70,,9299,10,,,1,30,,9285,10,,,1,70,,9300,10,,,1,30,,9286,10,,,1,70,,9301,10,,,1,30,,9287,10,,,1,70,,9302,10,,,1,30,,9288,10,,,1,70,,9303,10,,,1
45001,'Weekday-14',607,,9316,10,,,1,30,,9304,10,,,1,70,,9318,10,,,1,30,,9305,10,,,1,70,,9319,10,,,1,30,,9306,10,,,1,70,,9320,10,,,1,30,,9307,10,,,1,70,,9321,10,,,1,30,,9317,10,,,1,70,,9322,10,,,1,30,,9308,10,,,1,70,,9323,10,,,1,30,,9309,10,,,1,70,,9324,10,,,1,30,,9310,10,,,1,70,,9325,10,,,1,30,,9311,10,,,1,70,,9326,10,,,1,30,,9312,10,,,1,70,,9327,10,,,1,30,,9313,10,,,1,70,,9328,10,,,1,30,,9314,10,,,1,70,,9329,10,,,1,30,,9315,10,,,1,70,,9330,10,,,1
