44200,'Weekday-10',617,,8845,2,0,14,1,30,,8860,2,0,14,1,70,,8846,2,0,14,1,30,,8861,2,0,14,1,70,,8847,2,0,14,1,30,,8862,2,0,14,1,70,,8848,2,0,14,1,30,,8863,2,0,14,1,70,,8849,2,0,14,1,30,,8864,2,0,14,1,70,,8850,2,0,14,1,30,,8865,2,0,14,1,70,,8851,2,0,14,1,30,,8866,2,0,14,1,70,,8852,2,0,14,1,30,,8867,2,0,14,1,70,,8853,2,0,14,1,30,,8868,2,0,14,1,70,,8854,2,0,14,1,30,,8869,2,0,14,1,70,,8855,2,0,14,1,30,,8870,2,0,14,1,70,,8856,2,0,14,1,30,,8871,2,0,14,1,70,,8857,2,0,14,1,30,,8858,2,0,14,1
44200,'Weekday-11',617,,8872,2,0,14,1,30,,8887,2,0,14,1,70,,8873,2,0,14,1,30,,8888,2,0,14,1,70,,8874,2,0,14,1,30,,8889,2,0,14,1,70,,8875,2,0,14,1,30,,8890,2,0,14,1,70,,8876,2,0,14,1,30,,8891,2,0,14,1,70,,8877,2,0,14,1,30,,8892,2,0,14,1,70,,8878,2,0,14,1,30,,8893,2,0,14,1,70,,8879,2,0,14,1,30,,8894,2,0,14,1,70,,8880,2,0,14,1,30,,8895,2,0,14,1,70,,8881,2,0,14,1,30,,8896,2,0,14,1,70,,8882,2,0,14,1,30,,8897,2,0,14,1,70,,8883,2,0,14,1,30,,8898,2,0,14,1,70,,8884,2,0,14,1,30,,8885,2,0,14,1
44200,'Weekday-14',617,,8899,2,0,14,1,30,,8914,2,0,14,1,70,,8900,2,0,14,1,30,,8915,2,0,14,1,70,,8901,2,0,14,1,30,,8916,2,0,14,1,70,,8902,2,0,14,1,30,,8917,2,0,14,1,70,,8903,2,0,14,1,30,,8918,2,0,14,1,70,,8904,2,0,14,1,30,,8919,2,0,14,1,70,,8905,2,0,14,1,30,,8920,2,0,14,1,70,,8906,2,0,14,1,30,,8921,2,0,14,1,70,,8907,2,0,14,1,30,,8922,2,0,14,1,70,,8908,2,0,14,1,30,,8923,2,0,14,1,70,,8909,2,0,14,1,30,,8924,2,0,14,1,70,,8910,2,0,14,1,30,,8925,2,0,14,1,70,,8911,2,0,14,1,30,,8912,2,0,14,1
44300,'Weekday-10',617,,9007,2,,,1,30,,9020,2,,,1,70,,9008,2,,,1,30,,9021,2,,,1,70,,9009,2,,,1,30,,9022,2,,,1,70,,9010,2,,,1,30,,9023,2,,,1,70,,9011,2,,,1,30,,9024,2,,,1,70,,9012,2,,,1,30,,9025,2,,,1,70,,9013,2,,,1,30,,9026,2,,,1,70,,9014,2,,,1,30,,9027,2,,,1,70,,9015,2,,,1,30,,9028,2,,,1,70,,9016,2,,,1,30,,9029,2,,,1,70,,9017,2,,,1,30,,9030,2,,,1,70,,9018,2,,,1,30,,9031,2,,,1,70,,9019,2,,,1,30,,9033,2,0,12,1
44300,'Weekday-11',617,,9034,2,,,1,30,,9047,2,,,1,70,,9035,2,,,1,30,,9048,2,,,1,70,,9036,2,,,1,30,,9049,2,,,1,70,,9037,2,,,1,30,,9050,2,,,1,70,,9038,2,,,1,30,,9051,2,,,1,70,,9039,2,,,1,30,,9052,2,,,1,70,,9040,2,,,1,30,,9053,2,,,1,70,,9041,2,,,1,30,,9054,2,,,1,70,,9042,2,,,1,30,,9055,2,,,1,70,,9043,2,,,1,30,,9056,2,,,1,70,,9044,2,,,1,30,,9057,2,,,1,70,,9045,2,,,1,30,,9058,2,,,1,70,,9046,2,,,1,30,,9060,2,0,12,1
44300,'Weekday-14',617,,9061,2,,,1,30,,9074,2,,,1,70,,9062,2,,,1,30,,9075,2,,,1,70,,9063,2,,,1,30,,9076,2,,,1,70,,9064,2,,,1,30,,9077,2,,,1,70,,9065,2,,,1,30,,9078,2,,,1,70,,9066,2,,,1,30,,9079,2,,,1,70,,9067,2,,,1,30,,9080,2,,,1,70,,9068,2,,,1,30,,9081,2,,,1,70,,9069,2,,,1,30,,9082,2,,,1,70,,9070,2,,,1,30,,9083,2,,,1,70,,9071,2,,,1,30,,9084,2,,,1,70,,9072,2,,,1,30,,9085,2,,,1,70,,9073,2,,,1,30,,9087,2,0,12,1
45000,'Weekday-10',620,,9170,6,,,1,30,,9183,6,,,1,70,,9171,6,,,1,30,,9184,6,,,1,70,,9172,6,,,1,30,,9185,6,,,1,70,,9173,6,,,1,30,,9186,6,,,1,70,,9174,6,,,1,30,,9187,6,,,1,70,,9175,6,,,1,30,,9188,6,,,1,70,,9176,6,,,1,30,,9189,6,,,1,70,,9177,6,,,1,30,,9190,6,,,1,70,,9178,6,,,1,30,,9191,6,,,1,70,,9179,6,,,1,30,,9192,6,,,1,70,,9180,6,,,1,30,,9193,6,,,1,70,,9181,6,,,1,30,,9194,6,,,1,70,,9182,6,,,1,30,,9195,6,,,1
45000,'Weekday-11',620,,9197,6,,,1,30,,9210,6,,,1,70,,9198,6,,,1,30,,9211,6,,,1,70,,9199,6,,,1,30,,9212,6,,,1,70,,9200,6,,,1,30,,9213,6,,,1,70,,9201,6,,,1,30,,9214,6,,,1,70,,9202,6,,,1,30,,9215,6,,,1,70,,9203,6,,,1,30,,9216,6,,,1,70,,9204,6,,,1,30,,9217,6,,,1,70,,9205,6,,,1,30,,9218,6,,,1,70,,9206,6,,,1,30,,9219,6,,,1,70,,9207,6,,,1,30,,9220,6,,,1,70,,9208,6,,,1,30,,9221,6,,,1,70,,9209,6,,,1,30,,9222,6,,,1
45000,'Weekday-14',620,,9224,6,,,1,30,,9237,6,,,1,70,,9225,6,,,1,30,,9238,6,,,1,70,,9226,6,,,1,30,,9239,6,,,1,70,,9227,6,,,1,30,,9240,6,,,1,70,,9228,6,,,1,30,,9241,6,,,1,70,,9229,6,,,1,30,,9242,6,,,1,70,,9230,6,,,1,30,,9243,6,,,1,70,,9231,6,,,1,30,,9244,6,,,1,70,,9232,6,,,1,30,,9245,6,,,1,70,,9233,6,,,1,30,,9246,6,,,1,70,,9234,6,,,1,30,,9247,6,,,1,70,,9235,6,,,1,30,,9248,6,,,1,70,,9236,6,,,1,30,,9249,6,,,1
45100,'Weekday-10',616,,9331,2,,,1,30,,9344,2,,,1,70,,9332,2,,,1,30,,9345,2,,,1,70,,9333,2,,,1,30,,9346,2,,,1,70,,9334,2,,,1,30,,9347,2,,,1,70,,9335,2,,,1,30,,9348,2,,,1,70,,9336,2,,,1,30,,9349,2,,,1,70,,9337,2,,,1,30,,9350,2,,,1,70,,9338,2,,,1,30,,9351,2,,,1,70,,9339,2,,,1,30,,9352,2,,,1,70,,9340,2,,,1,30,,9353,2,,,1,70,,9341,2,,,1,30,,9354,2,,,1,70,,9342,2,,,1,30,,9355,2,,,1,70,,9343,2,,,1,30,,9356,2,0,12,1
45100,'Weekday-11',616,,9358,2,,,1,30,,9371,2,,,1,70,,9359,2,,,1,30,,9372,2,,,1,70,,9360,2,,,1,30,,9373,2,,,1,70,,9361,2,,,1,30,,9374,2,,,1,70,,9362,2,,,1,30,,9375,2,,,1,70,,9363,2,,,1,30,,9376,2,,,1,70,,9364,2,,,1,30,,9377,2,,,1,70,,9365,2,,,1,30,,9378,2,,,1,70,,9366,2,,,1,30,,9379,2,,,1,70,,9367,2,,,1,30,,9380,2,,,1,70,,9368,2,,,1,30,,9381,2,,,1,70,,9369,2,,,1,30,,9382,2,,,1,70,,9370,2,,,1,30,,9383,2,0,12,1
45100,'Weekday-14',616,,9385,2,,,1,30,,9398,2,,,1,70,,9386,2,,,1,30,,9399,2,,,1,70,,9387,2,,,1,30,,9400,2,,,1,70,,9388,2,,,1,30,,9401,2,,,1,70,,9389,2,,,1,30,,9402,2,,,1,70,,9390,2,,,1,30,,9403,2,,,1,70,,9391,2,,,1,30,,9404,2,,,1,70,,9392,2,,,1,30,,9405,2,,,1,70,,9393,2,,,1,30,,9406,2,,,1,70,,9394,2,,,1,30,,9407,2,,,1,70,,9395,2,,,1,30,,9408,2,,,1,70,,9396,2,,,1,30,,9409,2,,,1,70,,9397,2,,,1,30,,9410,2,0,12,1
19044200,'Weekday-10',1533,,9521,5,,,1
19044200,'Weekday-14',1433,,9522,5,,,1
19044300,'Weekday-10',1531,,9523,5,,,1
19044300,'Weekday-14',1431,,9524,5,,,1
19045100,'Weekday-10',1526,,9525,2,,,1
19045100,'Weekday-14',1426,,9526,2,,,1
