44200,'Weekday-10',618,,8845,3,0,14,1,30,,8860,3,0,14,1,70,,8846,3,0,14,1,30,,8861,3,0,14,1,70,,8847,3,0,14,1,30,,8862,3,0,14,1,70,,8848,3,0,14,1,30,,8863,3,0,14,1,70,,8849,3,0,14,1,30,,8864,3,0,14,1,70,,8850,3,0,14,1,30,,8865,3,0,14,1,70,,8851,3,0,14,1,30,,8866,3,0,14,1,70,,8852,3,0,14,1,30,,8867,3,0,14,1,70,,8853,3,0,14,1,30,,8868,3,0,14,1,70,,8854,3,0,14,1,30,,8869,3,0,14,1,70,,8855,3,0,14,1,30,,8870,3,0,14,1,70,,8856,3,0,14,1,30,,8871,3,0,14,1,70,,8857,3,0,14,1,30,,8858,3,0,14,1
44200,'Weekday-11',618,,8872,3,0,14,1,30,,8887,3,0,14,1,70,,8873,3,0,14,1,30,,8888,3,0,14,1,70,,8874,3,0,14,1,30,,8889,3,0,14,1,70,,8875,3,0,14,1,30,,8890,3,0,14,1,70,,8876,3,0,14,1,30,,8891,3,0,14,1,70,,8877,3,0,14,1,30,,8892,3,0,14,1,70,,8878,3,0,14,1,30,,8893,3,0,14,1,70,,8879,3,0,14,1,30,,8894,3,0,14,1,70,,8880,3,0,14,1,30,,8895,3,0,14,1,70,,8881,3,0,14,1,30,,8896,3,0,14,1,70,,8882,3,0,14,1,30,,8897,3,0,14,1,70,,8883,3,0,14,1,30,,8898,3,0,14,1,70,,8884,3,0,14,1,30,,8885,3,0,14,1
44200,'Weekday-14',618,,8899,3,0,14,1,30,,8914,3,0,14,1,70,,8900,3,0,14,1,30,,8915,3,0,14,1,70,,8901,3,0,14,1,30,,8916,3,0,14,1,70,,8902,3,0,14,1,30,,8917,3,0,14,1,70,,8903,3,0,14,1,30,,8918,3,0,14,1,70,,8904,3,0,14,1,30,,8919,3,0,14,1,70,,8905,3,0,14,1,30,,8920,3,0,14,1,70,,8906,3,0,14,1,30,,8921,3,0,14,1,70,,8907,3,0,14,1,30,,8922,3,0,14,1,70,,8908,3,0,14,1,30,,8923,3,0,14,1,70,,8909,3,0,14,1,30,,8924,3,0,14,1,70,,8910,3,0,14,1,30,,8925,3,0,14,1,70,,8911,3,0,14,1,30,,8912,3,0,14,1
45000,'Weekday-10',621,,9170,7,,,1,30,,9183,7,,,1,70,,9171,7,,,1,30,,9184,7,,,1,70,,9172,7,,,1,30,,9185,7,,,1,70,,9173,7,,,1,30,,9186,7,,,1,70,,9174,7,,,1,30,,9187,7,,,1,70,,9175,7,,,1,30,,9188,7,,,1,70,,9176,7,,,1,30,,9189,7,,,1,70,,9177,7,,,1,30,,9190,7,,,1,70,,9178,7,,,1,30,,9191,7,,,1,70,,9179,7,,,1,30,,9192,7,,,1,70,,9180,7,,,1,30,,9193,7,,,1,70,,9181,7,,,1,30,,9194,7,,,1,70,,9182,7,,,1,30,,9195,7,,,1
45000,'Weekday-11',621,,9197,7,,,1,30,,9210,7,,,1,70,,9198,7,,,1,30,,9211,7,,,1,70,,9199,7,,,1,30,,9212,7,,,1,70,,9200,7,,,1,30,,9213,7,,,1,70,,9201,7,,,1,30,,9214,7,,,1,70,,9202,7,,,1,30,,9215,7,,,1,70,,9203,7,,,1,30,,9216,7,,,1,70,,9204,7,,,1,30,,9217,7,,,1,70,,9205,7,,,1,30,,9218,7,,,1,70,,9206,7,,,1,30,,9219,7,,,1,70,,9207,7,,,1,30,,9220,7,,,1,70,,9208,7,,,1,30,,9221,7,,,1,70,,9209,7,,,1,30,,9222,7,,,1
45000,'Weekday-14',621,,9224,7,,,1,30,,9237,7,,,1,70,,9225,7,,,1,30,,9238,7,,,1,70,,9226,7,,,1,30,,9239,7,,,1,70,,9227,7,,,1,30,,9240,7,,,1,70,,9228,7,,,1,30,,9241,7,,,1,70,,9229,7,,,1,30,,9242,7,,,1,70,,9230,7,,,1,30,,9243,7,,,1,70,,9231,7,,,1,30,,9244,7,,,1,70,,9232,7,,,1,30,,9245,7,,,1,70,,9233,7,,,1,30,,9246,7,,,1,70,,9234,7,,,1,30,,9247,7,,,1,70,,9235,7,,,1,30,,9248,7,,,1,70,,9236,7,,,1,30,,9249,7,,,1
45100,'Weekday-10',548,,9357,1,,,1,70,,9331,3,,,1,30,,9344,3,,,1,70,,9332,3,,,1,30,,9345,3,,,1,70,,9333,3,,,1,30,,9346,3,,,1,70,,9334,3,,,1,30,,9347,3,,,1,70,,9335,3,,,1,30,,9348,3,,,1,70,,9336,3,,,1,30,,9349,3,,,1,70,,9337,3,,,1,30,,9350,3,,,1,70,,9338,3,,,1,30,,9351,3,,,1,70,,9339,3,,,1,30,,9352,3,,,1,70,,9340,3,,,1,30,,9353,3,,,1,70,,9341,3,,,1,30,,9354,3,,,1,70,,9342,3,,,1,30,,9355,3,,,1,70,,9343,3,,,1,30,,9356,3,0,12,1
45100,'Weekday-11',548,,9384,1,,,1,70,,9358,3,,,1,30,,9371,3,,,1,70,,9359,3,,,1,30,,9372,3,,,1,70,,9360,3,,,1,30,,9373,3,,,1,70,,9361,3,,,1,30,,9374,3,,,1,70,,9362,3,,,1,30,,9375,3,,,1,70,,9363,3,,,1,30,,9376,3,,,1,70,,9364,3,,,1,30,,9377,3,,,1,70,,9365,3,,,1,30,,9378,3,,,1,70,,9366,3,,,1,30,,9379,3,,,1,70,,9367,3,,,1,30,,9380,3,,,1,70,,9368,3,,,1,30,,9381,3,,,1,70,,9369,3,,,1,30,,9382,3,,,1,70,,9370,3,,,1,30,,9383,3,0,12,1
45100,'Weekday-14',548,,9411,1,,,1,70,,9385,3,,,1,30,,9398,3,,,1,70,,9386,3,,,1,30,,9399,3,,,1,70,,9387,3,,,1,30,,9400,3,,,1,70,,9388,3,,,1,30,,9401,3,,,1,70,,9389,3,,,1,30,,9402,3,,,1,70,,9390,3,,,1,30,,9403,3,,,1,70,,9391,3,,,1,30,,9404,3,,,1,70,,9392,3,,,1,30,,9405,3,,,1,70,,9393,3,,,1,30,,9406,3,,,1,70,,9394,3,,,1,30,,9407,3,,,1,70,,9395,3,,,1,30,,9408,3,,,1,70,,9396,3,,,1,30,,9409,3,,,1,70,,9397,3,,,1,30,,9410,3,0,12,1
19044200,'Weekday-10',1535,,9521,6,,,1
19044200,'Weekday-14',1435,,9522,6,,,1
19045100,'Weekday-10',1527,,9525,3,,,1
19045100,'Weekday-14',1427,,9526,3,,,1
