44300,'Weekday-10',607,,9032,24,,,1,30,,9007,26,,,1,70,,9020,26,,,1,30,,9008,26,,,1,70,,9021,26,,,1,30,,9009,26,,,1,70,,9022,26,,,1,30,,9010,26,,,1,70,,9023,26,,,1,30,,9011,26,,,1,70,,9024,26,,,1,30,,9012,26,,,1,70,,9025,26,,,1,30,,9013,26,,,1,70,,9026,26,,,1,30,,9014,26,,,1,70,,9027,26,,,1,30,,9015,26,,,1,70,,9028,26,,,1,30,,9016,26,,,1,70,,9029,26,,,1,30,,9017,26,,,1,70,,9030,26,,,1,30,,9018,26,,,1,70,,9031,26,,,1,30,,9019,26,,,1
44300,'Weekday-11',607,,9059,24,,,1,30,,9034,26,,,1,70,,9047,26,,,1,30,,9035,26,,,1,70,,9048,26,,,1,30,,9036,26,,,1,70,,9049,26,,,1,30,,9037,26,,,1,70,,9050,26,,,1,30,,9038,26,,,1,70,,9051,26,,,1,30,,9039,26,,,1,70,,9052,26,,,1,30,,9040,26,,,1,70,,9053,26,,,1,30,,9041,26,,,1,70,,9054,26,,,1,30,,9042,26,,,1,70,,9055,26,,,1,30,,9043,26,,,1,70,,9056,26,,,1,30,,9044,26,,,1,70,,9057,26,,,1,30,,9045,26,,,1,70,,9058,26,,,1,30,,9046,26,,,1
44300,'Weekday-14',607,,9086,24,,,1,30,,9061,26,,,1,70,,9074,26,,,1,30,,9062,26,,,1,70,,9075,26,,,1,30,,9063,26,,,1,70,,9076,26,,,1,30,,9064,26,,,1,70,,9077,26,,,1,30,,9065,26,,,1,70,,9078,26,,,1,30,,9066,26,,,1,70,,9079,26,,,1,30,,9067,26,,,1,70,,9080,26,,,1,30,,9068,26,,,1,70,,9081,26,,,1,30,,9069,26,,,1,70,,9082,26,,,1,30,,9070,26,,,1,70,,9083,26,,,1,30,,9071,26,,,1,70,,9084,26,,,1,30,,9072,26,,,1,70,,9085,26,,,1,30,,9073,26,,,1
45100,'Weekday-10',606,,9357,21,,,1,30,,9331,23,,,1,70,,9344,23,,,1,30,,9332,23,,,1,70,,9345,23,,,1,30,,9333,23,,,1,70,,9346,23,,,1,30,,9334,23,,,1,70,,9347,23,,,1,30,,9335,23,,,1,70,,9348,23,,,1,30,,9336,23,,,1,70,,9349,23,,,1,30,,9337,23,,,1,70,,9350,23,,,1,30,,9338,23,,,1,70,,9351,23,,,1,30,,9339,23,,,1,70,,9352,23,,,1,30,,9340,23,,,1,70,,9353,23,,,1,30,,9341,23,,,1,70,,9354,23,,,1,30,,9342,23,,,1,70,,9355,23,,,1,30,,9343,23,,,1
45100,'Weekday-11',606,,9384,21,,,1,30,,9358,23,,,1,70,,9371,23,,,1,30,,9359,23,,,1,70,,9372,23,,,1,30,,9360,23,,,1,70,,9373,23,,,1,30,,9361,23,,,1,70,,9374,23,,,1,30,,9362,23,,,1,70,,9375,23,,,1,30,,9363,23,,,1,70,,9376,23,,,1,30,,9364,23,,,1,70,,9377,23,,,1,30,,9365,23,,,1,70,,9378,23,,,1,30,,9366,23,,,1,70,,9379,23,,,1,30,,9367,23,,,1,70,,9380,23,,,1,30,,9368,23,,,1,70,,9381,23,,,1,30,,9369,23,,,1,70,,9382,23,,,1,30,,9370,23,,,1
45100,'Weekday-14',606,,9411,21,,,1,30,,9385,23,,,1,70,,9398,23,,,1,30,,9386,23,,,1,70,,9399,23,,,1,30,,9387,23,,,1,70,,9400,23,,,1,30,,9388,23,,,1,70,,9401,23,,,1,30,,9389,23,,,1,70,,9402,23,,,1,30,,9390,23,,,1,70,,9403,23,,,1,30,,9391,23,,,1,70,,9404,23,,,1,30,,9392,23,,,1,70,,9405,23,,,1,30,,9393,23,,,1,70,,9406,23,,,1,30,,9394,23,,,1,70,,9407,23,,,1,30,,9395,23,,,1,70,,9408,23,,,1,30,,9396,23,,,1,70,,9409,23,,,1,30,,9397,23,,,1
19044300,'Weekday-10',1551,,9523,29,,,1
19044300,'Weekday-14',1451,,9524,29,,,1
19045100,'Weekday-10',1546,,9525,23,,,1
19045100,'Weekday-14',1446,,9526,23,,,1
