41100,'Saturday-5',715,,7325,1,,,1,100,,7326,1,,,1,100,,7327,1,,,1,100,,7328,1,,,1,100,,7329,1,,,1,100,,7330,1,,,1,100,,7331,1,,,1,100,,7332,1,,,1,100,,7333,1,,,1,100,,7334,1,,,1,100,,7335,1,,,1,100,,7336,1,,,1,100,,7337,1,,,1,100,,7338,1,,,1,100,,7339,1,,,1,100,,7340,1,,,1,100,,7341,1,,,1
41100,'Saturday-7',715,,7352,1,,,1,100,,7353,1,,,1,100,,7354,1,,,1,100,,7355,1,,,1,100,,7356,1,,,1,100,,7357,1,,,1,100,,7358,1,,,1,100,,7342,1,,,1,100,,7343,1,,,1,100,,7344,1,,,1,100,,7345,1,,,1,100,,7346,1,,,1,100,,7347,1,,,1,100,,7348,1,,,1,100,,7349,1,,,1,100,,7350,1,,,1,100,,7351,1,,,1
41100,'Sunday-3',815,,7359,1,,,1,100,,7360,1,,,1,100,,7361,1,,,1,100,,7362,1,,,1,100,,7363,1,,,1,100,,7364,1,,,1,100,,7365,1,,,1,100,,7366,1,,,1,100,,7367,1,,,1,100,,7368,1,,,1,100,,7369,1,,,1,100,,7370,1,,,1
41100,'Weekday-10',540,,7407,1,,,1,60,,7380,1,,,1,15,,7377,1,,,1,15,,7381,1,,,1,15,,7399,1,,,1,55,,7375,1,,,1,15,,7371,1,,,1,15,,7378,1,,,1,15,,7382,1,,,1,55,,7400,1,,,1,15,,7376,1,,,1,15,,7372,1,,,1,15,,7379,1,,,1,55,,7401,1,,,1,15,,7383,1,,,1,30,,7373,1,,,1,70,,7402,1,,,1,30,,7384,1,,,1,70,,7374,1,,,1,30,,7403,1,,,1,70,,7385,1,,,1,30,,7408,1,,,1,70,,7404,1,,,1,30,,7386,1,,,1,70,,7409,1,,,1,30,,7405,1,,,1,70,,7387,1,,,1,30,,7410,1,,,1,70,,7390,1,,,1,15,,7388,1,,,1,15,,7412,1,,,1,55,,7411,1,,,1,15,,7406,1,,,1,15,,7391,1,,,1,15,,7389,1,,,1,70,,7393,1,,,1,30,,7392,1,,,1,70,,7394,1,,,1,100,,7395,1,,,1,100,,7396,1,,,1,100,,7397,1,,,1,100,,7398,1,,,1
41100,'Weekday-11',540,,7421,1,,,1,60,,7427,1,,,1,15,,7422,1,,,1,15,,7428,1,,,1,15,,7413,1,,,1,55,,7425,1,,,1,15,,7437,1,,,1,15,,7423,1,,,1,15,,7429,1,,,1,55,,7414,1,,,1,15,,7426,1,,,1,15,,7438,1,,,1,15,,7424,1,,,1,55,,7415,1,,,1,15,,7430,1,,,1,30,,7439,1,,,1,70,,7416,1,,,1,30,,7431,1,,,1,70,,7440,1,,,1,30,,7417,1,,,1,70,,7432,1,,,1,30,,7441,1,,,1,70,,7418,1,,,1,30,,7433,1,,,1,70,,7442,1,,,1,30,,7419,1,,,1,70,,7434,1,,,1,30,,7443,1,,,1,70,,7452,1,,,1,15,,7435,1,,,1,15,,7445,1,,,1,55,,7444,1,,,1,15,,7420,1,,,1,15,,7453,1,,,1,15,,7436,1,,,1,70,,7446,1,,,1,30,,7454,1,,,1,70,,7447,1,,,1,100,,7448,1,,,1,100,,7449,1,,,1,100,,7450,1,,,1,100,,7451,1,,,1
41100,'Weekday-14',540,,7467,1,,,1,60,,7473,1,,,1,15,,7470,1,,,1,15,,7474,1,,,1,15,,7459,1,,,1,55,,7468,1,,,1,15,,7455,1,,,1,15,,7471,1,,,1,15,,7475,1,,,1,55,,7460,1,,,1,15,,7469,1,,,1,15,,7456,1,,,1,15,,7472,1,,,1,55,,7461,1,,,1,15,,7476,1,,,1,30,,7457,1,,,1,70,,7462,1,,,1,30,,7477,1,,,1,70,,7458,1,,,1,30,,7463,1,,,1,70,,7478,1,,,1,30,,7484,1,,,1,70,,7464,1,,,1,30,,7479,1,,,1,70,,7485,1,,,1,30,,7465,1,,,1,70,,7480,1,,,1,30,,7486,1,,,1,70,,7488,1,,,1,15,,7481,1,,,1,15,,7483,1,,,1,55,,7487,1,,,1,15,,7466,1,,,1,15,,7489,1,,,1,15,,7482,1,,,1,70,,7491,1,,,1,30,,7490,1,,,1,70,,7492,1,,,1,100,,7493,1,,,1,100,,7494,1,,,1,100,,7495,1,,,1,100,,7496,1,,,1
41101,'Saturday-5',810,,7497,13,4,,1,100,,7498,13,4,,1,100,,7499,13,4,,1,100,,7500,13,4,,1,100,,7501,13,4,,1,100,,7502,13,4,,1,100,,7503,13,4,,1,100,,7504,13,4,,1,100,,7505,13,4,,1,100,,7506,13,4,,1,100,,7507,13,4,,1,100,,7508,13,4,,1,100,,7509,13,4,,1,100,,7510,13,4,,1,100,,7511,13,4,,1,100,,7512,13,4,,1,100,,7513,13,4,,1
41101,'Saturday-7',810,,7524,13,4,,1,100,,7525,13,4,,1,100,,7526,13,4,,1,100,,7527,13,4,,1,100,,7528,13,4,,1,100,,7529,13,4,,1,100,,7530,13,4,,1,100,,7514,13,4,,1,100,,7515,13,4,,1,100,,7516,13,4,,1,100,,7517,13,4,,1,100,,7518,13,4,,1,100,,7519,13,4,,1,100,,7520,13,4,,1,100,,7521,13,4,,1,100,,7522,13,4,,1,100,,7523,13,4,,1
41101,'Sunday-3',910,,7531,13,4,,1,100,,7532,13,4,,1,100,,7533,13,4,,1,100,,7534,13,4,,1,100,,7535,13,4,,1,100,,7536,13,4,,1,100,,7537,13,4,,1,100,,7538,13,4,,1,100,,7539,13,4,,1,100,,7540,13,4,,1,100,,7541,13,4,,1,100,,7542,13,4,,1
41101,'Weekday-10',640,,7574,13,4,,1,70,,7549,13,4,,1,15,,7547,13,4,,1,15,,7550,13,4,,1,15,,7567,13,4,,1,55,,7546,13,4,,1,15,,7543,13,4,,1,15,,7548,13,4,,1,70,,7551,13,4,,1,30,,7544,13,4,,1,69,,7568,13,4,,1,30,,7552,13,4,,1,71,,7545,13,4,,1,30,,7569,13,4,,1,70,,7553,13,4,,1,30,,7575,13,4,,1,70,,7570,13,4,,1,30,,7554,13,4,,1,70,,7576,13,4,,1,30,,7571,13,4,,1,70,,7555,13,4,,1,30,,7577,13,4,,1,15,,7572,13,4,,1,55,,7558,13,4,,1,15,,7556,13,4,,1,15,,7580,13,4,,1,15,,7578,13,4,,1,55,,7573,13,4,,1,15,,7559,13,4,,1,15,,7557,13,4,,1,15,,7581,13,4,,1,55,,7579,13,4,,1,30,,7560,13,4,,1,70,,7562,13,4,,1,100,,7563,13,4,,1,100,,7564,13,4,,1,100,,7565,13,4,,1,100,,7566,13,4,,1,100,,7561,13,4,,1
41101,'Weekday-11',640,,7589,13,4,,1,70,,7593,13,4,,1,15,,7590,13,4,,1,15,,7594,13,4,,1,15,,7582,13,4,,1,55,,7592,13,4,,1,15,,7602,13,4,,1,15,,7591,13,4,,1,70,,7595,13,4,,1,30,,7603,13,4,,1,69,,7583,13,4,,1,30,,7596,13,4,,1,71,,7604,13,4,,1,30,,7584,13,4,,1,70,,7597,13,4,,1,30,,7605,13,4,,1,70,,7585,13,4,,1,30,,7598,13,4,,1,70,,7606,13,4,,1,30,,7586,13,4,,1,70,,7599,13,4,,1,30,,7607,13,4,,1,15,,7587,13,4,,1,55,,7618,13,4,,1,15,,7600,13,4,,1,15,,7610,13,4,,1,15,,7608,13,4,,1,55,,7588,13,4,,1,15,,7619,13,4,,1,15,,7601,13,4,,1,15,,7611,13,4,,1,55,,7609,13,4,,1,30,,7620,13,4,,1,70,,7613,13,4,,1,100,,7614,13,4,,1,100,,7615,13,4,,1,100,,7616,13,4,,1,100,,7617,13,4,,1,100,,7612,13,4,,1
41101,'Weekday-14',640,,7631,13,4,,1,70,,7635,13,4,,1,15,,7633,13,4,,1,15,,7636,13,4,,1,15,,7624,13,4,,1,55,,7632,13,4,,1,15,,7621,13,4,,1,15,,7634,13,4,,1,70,,7637,13,4,,1,30,,7622,13,4,,1,69,,7625,13,4,,1,30,,7638,13,4,,1,71,,7623,13,4,,1,30,,7626,13,4,,1,70,,7639,13,4,,1,30,,7646,13,4,,1,70,,7627,13,4,,1,30,,7640,13,4,,1,70,,7647,13,4,,1,30,,7628,13,4,,1,70,,7641,13,4,,1,30,,7648,13,4,,1,15,,7629,13,4,,1,55,,7651,13,4,,1,15,,7642,13,4,,1,15,,7644,13,4,,1,15,,7649,13,4,,1,55,,7630,13,4,,1,15,,7652,13,4,,1,15,,7643,13,4,,1,15,,7645,13,4,,1,55,,7650,13,4,,1,30,,7653,13,4,,1,70,,7655,13,4,,1,100,,7656,13,4,,1,100,,7657,13,4,,1,100,,7658,13,4,,1,100,,7659,13,4,,1,100,,7654,13,4,,1
