43100,'Weekday-10',601,,8223,12,,,1,30,,8197,24,,,1,70,,8198,24,,,1,30,,8199,24,,,1,70,,8200,24,,,1,30,,8201,24,,,1,70,,8202,24,,,1,30,,8203,24,,,1,70,,8204,24,,,1,30,,8205,24,,,1,70,,8206,24,,,1,30,,8207,24,,,1,70,,8208,24,,,1,30,,8209,24,,,1,70,,8210,24,,,1,30,,8211,24,,,1,70,,8212,24,,,1,30,,8213,24,,,1,70,,8214,24,,,1,30,,8215,24,,,1,70,,8216,24,,,1,30,,8217,24,,,1,70,,8218,24,,,1,30,,8219,24,,,1,70,,8220,24,,,1,30,,8221,24,,,1,70,,8222,24,,,1
43100,'Weekday-11',601,,8250,12,,,1,30,,8224,24,,,1,70,,8225,24,,,1,30,,8226,24,,,1,70,,8227,24,,,1,30,,8228,24,,,1,70,,8229,24,,,1,30,,8230,24,,,1,70,,8231,24,,,1,30,,8232,24,,,1,70,,8233,24,,,1,30,,8234,24,,,1,70,,8235,24,,,1,30,,8236,24,,,1,70,,8237,24,,,1,30,,8238,24,,,1,70,,8239,24,,,1,30,,8240,24,,,1,70,,8241,24,,,1,30,,8242,24,,,1,70,,8243,24,,,1,30,,8244,24,,,1,70,,8245,24,,,1,30,,8246,24,,,1,70,,8247,24,,,1,30,,8248,24,,,1,70,,8249,24,,,1
43100,'Weekday-14',601,,8277,12,,,1,30,,8251,24,,,1,70,,8252,24,,,1,30,,8253,24,,,1,70,,8254,24,,,1,30,,8255,24,,,1,70,,8256,24,,,1,30,,8257,24,,,1,70,,8258,24,,,1,30,,8259,24,,,1,70,,8260,24,,,1,30,,8261,24,,,1,70,,8262,24,,,1,30,,8263,24,,,1,70,,8264,24,,,1,30,,8265,24,,,1,70,,8266,24,,,1,30,,8267,24,,,1,70,,8268,24,,,1,30,,8269,24,,,1,70,,8270,24,,,1,30,,8271,24,,,1,70,,8272,24,,,1,30,,8273,24,,,1,70,,8274,24,,,1,30,,8275,24,,,1,70,,8276,24,,,1
19043300,'Weekday-10',811,,9510,33,4,,1
19043300,'Weekday-14',811,,9512,33,4,,1
19044000,'Weekday-10',1524,,9517,1,,,1
19044000,'Weekday-14',1424,,9518,1,,,1
19044200,'Weekday-10',1524,,9521,1,,,1
19044200,'Weekday-14',1424,,9522,1,,,1
19044300,'Weekday-10',1524,,9523,1,,,1
19044300,'Weekday-14',1424,,9524,1,,,1
19045100,'Weekday-10',1524,,9525,1,,,1
19045100,'Weekday-14',1424,,9526,1,,,1
