40100,'Weekday-8',612,,5924,9,4,,1,30,,5919,9,4,,1,70,,5925,9,4,,1,30,,5920,9,4,,1,70,,5926,9,4,,1,30,,5921,9,4,,1,70,,5927,9,4,,1,30,,5922,9,4,,1,100,,5923,9,4,,1,100,,5918,9,4,,1,100,,5934,9,4,,1,100,,5935,9,4,,1,100,,5936,9,4,,1,100,,5937,9,4,,1,70,,5928,9,4,,1,30,,5930,9,4,,1,70,,5933,9,4,,1,30,,5929,9,4,,1,70,,5932,9,4,,1,30,,5938,9,4,,1,70,,5931,9,4,,1
40101,'Weekday-8',612,,5945,1,,,1,30,,5939,1,,,1,70,,5946,1,,,1,30,,5940,1,,,1,70,,5947,1,,,1,30,,5941,1,,,1,70,,5948,1,,,1,30,,5942,1,,,1,100,,5943,1,,,1,100,,5944,1,,,1,100,,5956,1,,,1,100,,5957,1,,,1,100,,5954,1,,,1,95,,5950,1,,,1,68,,5955,1,,,1,30,,5949,1,,,1,70,,5951,1,,,1,35,,5958,1,,,1,72,,5952,1,,,1,30,,5959,1,,,1,70,,5953,1,,,1
41100,'Saturday-10',743,,6009,13,4,,1,100,,6010,13,4,,1,100,,6011,13,4,,1,100,,6012,13,4,,1,100,,6013,13,4,,1,100,,6014,13,4,,1,100,,6015,13,4,,1,100,,6016,13,4,,1,100,,6017,13,4,,1,100,,6018,13,4,,1,100,,6019,13,4,,1,100,,6020,13,4,,1,100,,6021,13,4,,1,100,,6022,13,4,,1,100,,6023,13,4,,1,100,,6024,13,4,,1,100,,6025,13,4,,1
41100,'Saturday-12',743,,6026,13,4,,1,100,,6027,13,4,,1,100,,6028,13,4,,1,100,,6029,13,4,,1,100,,6030,13,4,,1,100,,6031,13,4,,1,100,,6032,13,4,,1,100,,6033,13,4,,1,100,,6034,13,4,,1,100,,6035,13,4,,1,100,,6036,13,4,,1,100,,6037,13,4,,1,100,,6038,13,4,,1,100,,6039,13,4,,1,100,,6040,13,4,,1,100,,6041,13,4,,1,100,,6042,13,4,,1
41100,'Saturday-14',743,,6043,13,4,,1,100,,6044,13,4,,1,100,,6045,13,4,,1,100,,6046,13,4,,1,100,,6047,13,4,,1,100,,6048,13,4,,1,100,,6049,13,4,,1,100,,6057,13,4,,1,100,,6058,13,4,,1,100,,6059,13,4,,1,100,,6050,13,4,,1,100,,6051,13,4,,1,100,,6052,13,4,,1,100,,6053,13,4,,1,100,,6054,13,4,,1,100,,6055,13,4,,1,100,,6056,13,4,,1
41100,'Sunday-3',843,,6060,13,4,,1,100,,6061,13,4,,1,100,,6062,13,4,,1,100,,6063,13,4,,1,100,,6064,13,4,,1,100,,6065,13,4,,1,100,,6066,13,4,,1,100,,6067,13,4,,1,100,,6068,13,4,,1,100,,6069,13,4,,1,100,,6070,13,4,,1,100,,6071,13,4,,1
41100,'Sunday-4',843,,6072,13,4,,1,100,,6073,13,4,,1,100,,6074,13,4,,1,100,,6075,13,4,,1,100,,6076,13,4,,1,100,,6077,13,4,,1,100,,6078,13,4,,1,100,,6079,13,4,,1,100,,6080,13,4,,1,100,,6081,13,4,,1,100,,6082,13,4,,1,100,,6083,13,4,,1
41100,'Weekday-8',606,,6124,13,4,,1,25,,6098,13,4,,1,15,,6090,13,4,,1,55,,6103,13,4,,1,15,,6120,13,4,,1,15,,6088,13,4,,1,15,,6084,13,4,,1,55,,6091,13,4,,1,15,,6104,13,4,,1,15,,6121,13,4,,1,15,,6089,13,4,,1,55,,6085,13,4,,1,15,,6092,13,4,,1,10,,6105,13,4,,1,17,,6122,13,4,,1,70,,6086,13,4,,1,30,,6093,13,4,,1,70,,6123,13,4,,1,30,,6087,13,4,,1,70,,6094,13,4,,1,30,,6117,13,4,,1,70,,6099,13,4,,1,30,,6095,13,4,,1,70,,6118,13,4,,1,30,,6100,13,4,,1,70,,6096,13,4,,1,32,,6119,13,4,,1,70,,6101,13,4,,1,30,,6106,13,4,,1,55,,6115,13,4,,1,15,,6108,13,4,,1,15,,6102,13,4,,1,15,,6097,13,4,,1,55,,6107,13,4,,1,15,,6116,13,4,,1,28,,6109,13,4,,1,70,,6125,13,4,,1,30,,6110,13,4,,1,100,,6111,13,4,,1,100,,6112,13,4,,1,100,,6113,13,4,,1,100,,6114,13,4,,1
41101,'Saturday-10',743,,6126,1,,,1,100,,6127,1,,,1,100,,6128,1,,,1,100,,6129,1,,,1,100,,6130,1,,,1,100,,6131,1,,,1,100,,6132,1,,,1,100,,6133,1,,,1,100,,6134,1,,,1,100,,6135,1,,,1,100,,6136,1,,,1,100,,6137,1,,,1,100,,6138,1,,,1,100,,6139,1,,,1,100,,6140,1,,,1,100,,6141,1,,,1,100,,6142,1,,,1
41101,'Saturday-12',743,,6143,1,,,1,100,,6144,1,,,1,100,,6145,1,,,1,100,,6146,1,,,1,100,,6147,1,,,1,100,,6148,1,,,1,100,,6149,1,,,1,100,,6150,1,,,1,100,,6151,1,,,1,100,,6152,1,,,1,100,,6153,1,,,1,100,,6154,1,,,1,100,,6155,1,,,1,100,,6156,1,,,1,100,,6157,1,,,1,100,,6158,1,,,1,100,,6159,1,,,1
41101,'Saturday-14',743,,6160,1,,,1,100,,6161,1,,,1,100,,6162,1,,,1,100,,6163,1,,,1,100,,6164,1,,,1,100,,6165,1,,,1,100,,6166,1,,,1,100,,6174,1,,,1,100,,6175,1,,,1,100,,6176,1,,,1,100,,6167,1,,,1,100,,6168,1,,,1,100,,6169,1,,,1,100,,6170,1,,,1,100,,6171,1,,,1,100,,6172,1,,,1,100,,6173,1,,,1
41101,'Sunday-3',843,,6177,1,,,1,100,,6178,1,,,1,100,,6179,1,,,1,100,,6180,1,,,1,100,,6181,1,,,1,100,,6182,1,,,1,100,,6183,1,,,1,100,,6184,1,,,1,100,,6185,1,,,1,100,,6186,1,,,1,100,,6187,1,,,1,100,,6188,1,,,1
41101,'Sunday-4',843,,6189,1,,,1,100,,6190,1,,,1,100,,6191,1,,,1,100,,6192,1,,,1,100,,6193,1,,,1,100,,6194,1,,,1,100,,6195,1,,,1,100,,6196,1,,,1,100,,6197,1,,,1,100,,6198,1,,,1,100,,6199,1,,,1,100,,6200,1,,,1
41101,'Weekday-8',606,,6239,1,,,1,31,,6213,1,,,1,15,,6205,1,,,1,55,,6219,1,,,1,15,,6235,1,,,1,15,,6204,1,,,1,15,,6201,1,,,1,55,,6206,1,,,1,30,,6236,1,,,1,70,,6202,1,,,1,30,,6207,1,,,1,70,,6237,1,,,1,31,,6203,1,,,1,70,,6208,1,,,1,30,,6238,1,,,1,70,,6214,1,,,1,30,,6209,1,,,1,70,,6232,1,,,1,30,,6215,1,,,1,67,,6210,1,,,1,30,,6233,1,,,1,70,,6216,1,,,1,13,,6211,1,,,1,15,,6220,1,,,1,12,,6234,1,,,1,55,,6223,1,,,1,15,,6217,1,,,1,15,,6212,1,,,1,15,,6221,1,,,1,55,,6231,1,,,1,15,,6224,1,,,1,15,,6218,1,,,1,78,,6222,1,,,1,35,,6226,1,,,1,100,,6227,1,,,1,100,,6228,1,,,1,100,,6229,1,,,1,100,,6230,1,,,1,100,,6225,1,,,1
