44201,'Weekday-10',606,,8952,8,0,14,1,30,,8931,8,0,14,1,70,,8939,8,0,14,1,30,,8932,8,0,14,1,70,,8940,8,0,14,1,30,,8933,8,0,14,1,70,,8941,8,0,14,1,30,,8934,8,0,14,1,70,,8942,8,0,14,1,30,,8935,8,0,14,1,70,,8943,8,0,14,1,30,,8936,8,0,14,1,70,,8944,8,0,14,1,30,,8937,8,0,14,1,70,,8945,8,0,14,1,30,,8929,8,0,14,1,70,,8946,8,0,14,1,30,,8930,8,0,14,1,70,,8947,8,0,14,1,30,,8938,8,0,14,1,70,,8948,8,0,14,1,30,,8926,8,0,14,1,70,,8949,8,0,14,1,30,,8927,8,0,14,1,70,,8950,8,0,14,1,30,,8928,8,0,14,1,70,,8951,8,0,14,1
44201,'Weekday-11',606,,8979,8,0,14,1,30,,8958,8,0,14,1,70,,8966,8,0,14,1,30,,8959,8,0,14,1,70,,8967,8,0,14,1,30,,8960,8,0,14,1,70,,8968,8,0,14,1,30,,8961,8,0,14,1,70,,8969,8,0,14,1,30,,8962,8,0,14,1,70,,8970,8,0,14,1,30,,8963,8,0,14,1,70,,8971,8,0,14,1,30,,8964,8,0,14,1,70,,8972,8,0,14,1,30,,8956,8,0,14,1,70,,8973,8,0,14,1,30,,8957,8,0,14,1,70,,8974,8,0,14,1,30,,8965,8,0,14,1,70,,8975,8,0,14,1,30,,8953,8,0,14,1,70,,8976,8,0,14,1,30,,8954,8,0,14,1,70,,8977,8,0,14,1,30,,8955,8,0,14,1,70,,8978,8,0,14,1
44201,'Weekday-14',606,,9006,8,0,14,1,30,,8985,8,0,14,1,70,,8993,8,0,14,1,30,,8986,8,0,14,1,70,,8994,8,0,14,1,30,,8987,8,0,14,1,70,,8995,8,0,14,1,30,,8988,8,0,14,1,70,,8996,8,0,14,1,30,,8989,8,0,14,1,70,,8997,8,0,14,1,30,,8990,8,0,14,1,70,,8998,8,0,14,1,30,,8991,8,0,14,1,70,,8999,8,0,14,1,30,,8983,8,0,14,1,70,,9000,8,0,14,1,30,,8984,8,0,14,1,70,,9001,8,0,14,1,30,,8992,8,0,14,1,70,,9002,8,0,14,1,30,,8980,8,0,14,1,70,,9003,8,0,14,1,30,,8981,8,0,14,1,70,,9004,8,0,14,1,30,,8982,8,0,14,1,70,,9005,8,0,14,1
44301,'Weekday-10',606,,9101,27,,,1,30,,9102,29,,,1,70,,9088,29,,,1,30,,9103,29,,,1,70,,9089,29,,,1,30,,9104,29,,,1,70,,9090,29,,,1,30,,9105,29,,,1,70,,9091,29,,,1,30,,9106,29,,,1,70,,9092,29,,,1,30,,9107,29,,,1,70,,9093,29,,,1,30,,9108,29,,,1,70,,9094,29,,,1,30,,9109,29,,,1,70,,9095,29,,,1,30,,9110,29,,,1,70,,9096,29,,,1,30,,9111,29,,,1,70,,9097,29,,,1,30,,9112,29,,,1,70,,9098,29,,,1,30,,9113,29,,,1,70,,9099,29,,,1,30,,9114,29,,,1,70,,9100,29,,,1
44301,'Weekday-11',606,,9128,27,,,1,30,,9129,29,,,1,70,,9115,29,,,1,30,,9130,29,,,1,70,,9116,29,,,1,30,,9131,29,,,1,70,,9117,29,,,1,30,,9132,29,,,1,70,,9118,29,,,1,30,,9133,29,,,1,70,,9119,29,,,1,30,,9134,29,,,1,70,,9120,29,,,1,30,,9135,29,,,1,70,,9121,29,,,1,30,,9136,29,,,1,70,,9122,29,,,1,30,,9137,29,,,1,70,,9123,29,,,1,30,,9138,29,,,1,70,,9124,29,,,1,30,,9139,29,,,1,70,,9125,29,,,1,30,,9140,29,,,1,70,,9126,29,,,1,30,,9141,29,,,1,70,,9127,29,,,1
44301,'Weekday-14',606,,9155,27,,,1,30,,9156,29,,,1,70,,9142,29,,,1,30,,9157,29,,,1,70,,9143,29,,,1,30,,9158,29,,,1,70,,9144,29,,,1,30,,9159,29,,,1,70,,9145,29,,,1,30,,9160,29,,,1,70,,9146,29,,,1,30,,9161,29,,,1,70,,9147,29,,,1,30,,9162,29,,,1,70,,9148,29,,,1,30,,9163,29,,,1,70,,9149,29,,,1,30,,9164,29,,,1,70,,9150,29,,,1,30,,9165,29,,,1,70,,9151,29,,,1,30,,9166,29,,,1,70,,9152,29,,,1,30,,9167,29,,,1,70,,9153,29,,,1,30,,9168,29,,,1,70,,9154,29,,,1
45001,'Weekday-10',604,,9262,8,,,1,30,,9250,8,,,1,70,,9264,8,,,1,30,,9251,8,,,1,70,,9265,8,,,1,30,,9252,8,,,1,70,,9266,8,,,1,30,,9253,8,,,1,70,,9267,8,,,1,30,,9263,8,,,1,70,,9268,8,,,1,30,,9254,8,,,1,70,,9269,8,,,1,30,,9255,8,,,1,70,,9270,8,,,1,30,,9256,8,,,1,70,,9271,8,,,1,30,,9257,8,,,1,70,,9272,8,,,1,30,,9258,8,,,1,70,,9273,8,,,1,30,,9259,8,,,1,70,,9274,8,,,1,30,,9260,8,,,1,70,,9275,8,,,1,30,,9261,8,,,1,70,,9276,8,,,1
45001,'Weekday-11',604,,9289,8,,,1,30,,9277,8,,,1,70,,9291,8,,,1,30,,9278,8,,,1,70,,9292,8,,,1,30,,9279,8,,,1,70,,9293,8,,,1,30,,9280,8,,,1,70,,9294,8,,,1,30,,9290,8,,,1,70,,9295,8,,,1,30,,9281,8,,,1,70,,9296,8,,,1,30,,9282,8,,,1,70,,9297,8,,,1,30,,9283,8,,,1,70,,9298,8,,,1,30,,9284,8,,,1,70,,9299,8,,,1,30,,9285,8,,,1,70,,9300,8,,,1,30,,9286,8,,,1,70,,9301,8,,,1,30,,9287,8,,,1,70,,9302,8,,,1,30,,9288,8,,,1,70,,9303,8,,,1
45001,'Weekday-14',604,,9316,8,,,1,30,,9304,8,,,1,70,,9318,8,,,1,30,,9305,8,,,1,70,,9319,8,,,1,30,,9306,8,,,1,70,,9320,8,,,1,30,,9307,8,,,1,70,,9321,8,,,1,30,,9317,8,,,1,70,,9322,8,,,1,30,,9308,8,,,1,70,,9323,8,,,1,30,,9309,8,,,1,70,,9324,8,,,1,30,,9310,8,,,1,70,,9325,8,,,1,30,,9311,8,,,1,70,,9326,8,,,1,30,,9312,8,,,1,70,,9327,8,,,1,30,,9313,8,,,1,70,,9328,8,,,1,30,,9314,8,,,1,70,,9329,8,,,1,30,,9315,8,,,1,70,,9330,8,,,1
45101,'Weekday-10',607,,9425,21,,,1,30,,9426,24,,,1,70,,9412,24,,,1,30,,9427,24,,,1,70,,9413,24,,,1,30,,9428,24,,,1,70,,9414,24,,,1,30,,9429,24,,,1,70,,9415,24,,,1,30,,9430,24,,,1,70,,9416,24,,,1,30,,9431,24,,,1,70,,9417,24,,,1,30,,9432,24,,,1,70,,9418,24,,,1,30,,9433,24,,,1,70,,9419,24,,,1,30,,9434,24,,,1,70,,9420,24,,,1,30,,9435,24,,,1,70,,9421,24,,,1,30,,9436,24,,,1,70,,9422,24,,,1,30,,9437,24,,,1,70,,9423,24,,,1,30,,9438,24,,,1,70,,9424,24,,,1
45101,'Weekday-11',607,,9452,21,,,1,30,,9453,24,,,1,70,,9439,24,,,1,30,,9454,24,,,1,70,,9440,24,,,1,30,,9455,24,,,1,70,,9441,24,,,1,30,,9456,24,,,1,70,,9442,24,,,1,30,,9457,24,,,1,70,,9443,24,,,1,30,,9458,24,,,1,70,,9444,24,,,1,30,,9459,24,,,1,70,,9445,24,,,1,30,,9460,24,,,1,70,,9446,24,,,1,30,,9461,24,,,1,70,,9447,24,,,1,30,,9462,24,,,1,70,,9448,24,,,1,30,,9463,24,,,1,70,,9449,24,,,1,30,,9464,24,,,1,70,,9450,24,,,1,30,,9465,24,,,1,70,,9451,24,,,1
45101,'Weekday-14',607,,9479,21,,,1,30,,9480,24,,,1,70,,9466,24,,,1,30,,9481,24,,,1,70,,9467,24,,,1,30,,9482,24,,,1,70,,9468,24,,,1,30,,9483,24,,,1,70,,9469,24,,,1,30,,9484,24,,,1,70,,9470,24,,,1,30,,9485,24,,,1,70,,9471,24,,,1,30,,9486,24,,,1,70,,9472,24,,,1,30,,9487,24,,,1,70,,9473,24,,,1,30,,9488,24,,,1,70,,9474,24,,,1,30,,9489,24,,,1,70,,9475,24,,,1,30,,9490,24,,,1,70,,9476,24,,,1,30,,9491,24,,,1,70,,9477,24,,,1,30,,9492,24,,,1,70,,9478,24,,,1
